20200803 12531 12567 12405 12440
20200804 12516 12632 12489 12629
20200805 12700 12746 12643 12741
20200806 12856 12925 12753 12836
20200807 12860 12866 12706 12759
20200810 12779 12905 12720 12854
20200811 12825 12874 12727 12735
20200812 12700 12701 12565 12655
20200813 12816 12836 12702 12725
20200814 12696 12790 12646 12789
20200817 12776 12959 12771 12953
20200818 12983 12998 12836 12877
20200819 12905 12955 12780 12807
20200820 12695 12709 12067 12298
20200821 12466 12598 12423 12551
20200824 12568 12653 12503 12603
20200825 12657 12795 12643 12735
20200826 12730 12799 12681 12795
20200827 12838 12925 12735 12758
20200828 12740 12782 12634 12688
20200831 12800 12826 12563 12589
