20200601 10983 11103 10971 11057
20200602 11080 11140 11072 11107
20200603 11250 11299 11206 11283
20200604 11419 11425 11306 11358
20200605 11399 11473 11377 11457
20200608 11550 11626 11491 11570
20200609 11596 11622 11521 11606
20200610 11634 11730 11596 11704
20200611 11689 11738 11475 11491
20200612 11331 11432 11250 11391
20200615 11356 11446 11216 11225
20200616 11448 11554 11421 11522
20200617 11480 11568 11467 11520
20200618 11372 11425 11295 11395
20200619 11424 11439 11361 11409
20200622 11374 11498 11362 11421
20200623 11493 11540 11346 11456
20200624 11541 11570 11503 11523
20200629 11394 11458 11315 11363
20200630 11460 11502 11412 11470
