20200401 9588 9650 9551 9555
20200406 9741 9860 9582 9823
20200407 9955 10020 9878 9998
20200408 9950 10135 9945 10122
20200409 10131 10197 10028 10100
20200410 10038 10140 10030 10133
20200413 10084 10149 10031 10079
20200414 10160 10355 10125 10343
20200415 10347 10463 10330 10451
20200416 10177 10343 10161 10301
20200417 10575 10669 10456 10563
20200420 10515 10560 10458 10475
20200421 10406 10467 10144 10196
20200422 10145 10226 10065 10222
20200423 10268 10402 10154 10292
20200424 10231 10292 10211 10268
20200427 10373 10567 10368 10545
20200428 10600 10605 10480 10583
20200429 10655 10770 10631 10709
20200430 10813 10971 10803 10947
