20200504 10540 10699 10477 10610
20200505 10717 10795 10658 10719
20200506 10658 10780 10618 10749
20200507 10736 10877 10710 10833
20200508 10893 10956 10853 10894
20200511 10979 11038 10935 10982
20200512 10902 10932 10802 10865
20200513 10783 10925 10776 10914
20200514 10828 10877 10738 10749
20200515 10830 10869 10701 10817
20200518 10768 10824 10724 10761
20200519 10932 10964 10836 10868
20200520 10903 10960 10853 10887
20200521 10903 11008 10894 10953
20200522 10928 10935 10723 10744
20200525 10800 10840 10651 10821
20200526 10896 11027 10891 10984
20200527 10962 11037 10926 10973
20200528 11066 11077 10856 10911
20200529 10888 10950 10806 10919
