20201005 12577 12620 12486 12529
20201006 12618 12704 12614 12677
20201007 12620 12758 12606 12754
20201008 12831 12876 12772 12873
20201012 12935 12995 12878 12921
20201013 12950 12952 12816 12915
20201014 12940 12956 12871 12890
20201015 12838 12892 12727 12840
20201016 12818 12865 12718 12748
20201019 12783 12912 12782 12893
20201020 12892 12905 12844 12855
20201021 12906 12946 12851 12860
20201022 12729 12839 12707 12836
20201023 12865 12883 12795 12838
20201026 12848 12935 12820 12860
20201027 12826 12833 12765 12808
20201028 12780 12809 12713 12743
20201029 12598 12640 12504 12603
20201030 12545 12563 12407 12413
