20200302 11011 11278 11005 11176
20200303 11313 11375 11278 11321
20200304 11348 11369 11267 11358
20200305 11450 11501 11428 11491
20200306 11400 11420 11260 11269
20200309 10975 11108 10916 10951
20200310 10830 10996 10779 10981
20200311 10979 11029 10807 10824
20200312 10750 10765 10161 10362
20200313 9749 10147 9450 10027
20200316 9919 10055 9636 9679
20200317 9379 9677 9271 9371
20200318 9366 9489 9205 9264
20200319 8820 8872 8268 8356
20200320 8562 9166 8544 9041
20200323 8609 8868 8555 8665
20200324 8998 9295 8986 9193
20200325 9410 9624 9370 9585
20200326 9679 9690 9426 9631
20200327 9899 9910 9548 9579
20200330 9376 9576 9266 9566
20200331 9666 9717 9495 9595
