20200203 11285 11370 11152 11324
20200204 11373 11557 11362 11534
20200205 11603 11620 11474 11542
20200206 11651 11744 11628 11739
20200207 11660 11666 11566 11589
20200210 11455 11598 11402 11565
20200211 11625 11689 11613 11664
20200212 11663 11797 11647 11770
20200213 11798 11837 11762 11775
20200214 11757 11852 11755 11810
20200217 11710 11792 11702 11769
20200218 11715 11719 11627 11640
20200219 11678 11805 11637 11760
20200220 11820 11830 11679 11713
20200221 11665 11765 11636 11663
20200224 11509 11587 11476 11511
20200225 11400 11561 11386 11541
20200226 11383 11482 11365 11421
20200227 11395 11447 11237 11276
