20201201 13818 13885 13751 13875
20201202 13932 13980 13855 13955
20201203 13971 14047 13903 13982
20201204 14022 14149 14012 14133
20201207 14181 14247 14087 14220
20201208 14206 14350 14156 14340
20201209 14372 14425 14331 14397
20201210 14261 14314 14178 14237
20201211 14290 14340 14091 14237
20201214 14264 14285 14197 14201
20201215 14162 14232 14030 14084
20201216 14198 14328 14186 14323
20201217 14220 14225 14085 14186
20201218 14190 14222 14128 14136
20201221 14155 14313 14021 14309
20201222 14253 14334 14042 14046
20201223 14104 14181 14031 14114
20201224 14185 14287 14179 14242
20201225 14328 14383 14245 14304
20201228 14329 14444 14320 14436
20201229 14465 14466 14376 14458
20201230 14451 14643 14440 14636
20201231 14678 14712 14604 14678
