20200901 12566 12698 12531 12688
20200902 12765 12776 12595 12690
20200903 12792 12858 12705 12734
20200904 12558 12651 12510 12607
20200907 12608 12733 12560 12580
20200908 12657 12695 12610 12667
20200909 12545 12606 12434 12598
20200910 12669 12706 12622 12698
20200911 12658 12689 12606 12663
20200914 12694 12797 12678 12784
20200915 12768 12855 12756 12843
20200916 12945 13018 12900 12969
20200917 12855 12908 12772 12815
20200918 12839 12866 12773 12833
20200921 12820 12877 12655 12659
20200922 12627 12655 12481 12509
20200923 12553 12563 12441 12528
20200924 12407 12414 12166 12180
20200925 12265 12309 12114 12195
20200928 12292 12421 12246 12415
20200929 12478 12522 12395 12421
20200930 12456 12548 12444 12473
