20201102 12474 12531 12402 12516
20201103 12611 12715 12602 12684
20201104 12770 12879 12662 12864
20201105 12924 12928 12821 12891
20201106 12942 12991 12896 12937
20201109 13090 13175 13046 13126
20201110 13130 13154 13010 13071
20201111 13101 13281 13077 13261
20201112 13266 13305 13193 13226
20201113 13227 13285 13163 13282
20201116 13407 13582 13406 13579
20201117 13656 13737 13603 13624
20201118 13632 13788 13621 13756
20201119 13732 13750 13662 13742
20201120 13724 13737 13640 13733
20201123 13790 13943 13788 13873
20201124 13921 13928 13777 13799
20201125 13886 13909 13692 13712
20201126 13788 13862 13741 13839
20201127 13781 13890 13763 13878
20201130 13883 13975 13704 13720
