20200701 11482 11623 11472 11544
20200702 11585 11712 11566 11695
20200703 11788 11850 11752 11834
20200706 11921 12072 11905 12067
20200707 12149 12192 11990 12028
20200708 12041 12145 12025 12126
20200709 12202 12222 12118 12149
20200710 12204 12213 11987 11995
20200713 12139 12210 12105 12204
20200714 12147 12224 12119 12188
20200715 12305 12323 12150 12220
20200716 12066 12094 11931 12029
20200717 12088 12138 12011 12039
20200720 12073 12075 11903 12033
20200721 12125 12324 12121 12288
20200722 12301 12361 12256 12332
20200723 12309 12313 12199 12287
20200724 12232 12352 12123 12150
20200727 12410 12572 12407 12498
20200728 12834 12900 12408 12454
20200729 12446 12543 12392 12421
20200730 12617 12627 12488 12595
20200731 12606 12644 12525 12576
