20210401 16535 16587 16452 16549
20210406 16760 16840 16697 16728
20210407 16777 16788 16673 16767
20210408 16715 16930 16687 16927
20210409 16952 16971 16810 16839
20210412 16895 16965 16760 16835
20210413 16910 17046 16780 16793
20210414 16860 16917 16592 16857
20210415 16881 17074 16852 17069
20210416 17062 17160 16990 17156
20210419 17118 17296 17111 17269
20210420 17238 17324 17206 17320
20210421 17225 17270 17150 17232
20210422 17258 17369 17053 17106
20210423 17061 17260 17041 17255
20210426 17337 17536 17323 17526
20210427 17532 17576 17460 17570
20210428 17548 17563 17475 17533
20210429 17578 17702 17531 17569
