20210302 16249 16277 15868 15904
20210303 16000 16196 15885 16179
20210304 16025 16066 15756 15922
20210305 15601 15914 15570 15847
20210308 15950 16095 15767 15819
20210309 15810 15848 15608 15822
20210310 15977 15986 15808 15885
20210311 15951 16214 15942 16169
20210312 16276 16288 16155 16223
20210315 16206 16249 16142 16199
20210316 16250 16348 16213 16305
20210317 16304 16336 16161 16177
20210318 16255 16401 16220 16235
20210319 16100 16110 15953 16010
20210322 16018 16174 15911 16137
20210323 16223 16277 16103 16119
20210324 16019 16062 15939 15981
20210325 15890 16090 15870 16030
20210326 16095 16293 16081 16285
20210329 16370 16485 16350 16408
20210330 16469 16531 16418 16520
20210331 16540 16549 16403 16423
