20211101 17040 17130 17028 17080
20211102 17167 17255 17004 17047
20211103 17081 17127 17040 17091
20211104 17269 17280 17050 17073
20211105 17150 17279 17106 17269
20211108 17256 17425 17251 17423
20211109 17499 17593 17480 17551
20211110 17550 17581 17496 17554
20211111 17430 17537 17395 17473
20211112 17570 17638 17491 17544
20211115 17615 17707 17603 17664
20211116 17662 17717 17653 17698
20211117 17711 17761 17678 17723
20211118 17769 17868 17763 17859
20211119 17919 17949 17813 17852
20211122 17790 17876 17787 17836
20211123 17765 17768 17638 17659
20211124 17604 17698 17593 17680
20211125 17688 17715 17600 17673
20211126 17530 17572 17307 17342
20211129 17243 17416 17184 17311
20211130 17428 17537 17312 17330
