20210503 17501 17534 17226 17254
20210504 17271 17309 16668 16931
20210505 16847 17020 16756 16765
20210506 16884 17081 16700 16945
20210507 17120 17288 17060 17283
20210510 17369 17373 17178 17229
20210511 16968 16970 16425 16561
20210512 16503 16531 15027 15697
20210513 15538 15991 15348 15566
20210514 15800 16021 15653 15766
20210517 15183 15735 15096 15263
20210518 15563 16180 15501 16147
20210519 16122 16248 15979 16137
20210520 16078 16113 15854 15974
20210521 16222 16425 16072 16259
20210524 16079 16368 16069 16291
20210525 16463 16623 16425 16584
20210526 16616 16664 16504 16614
20210527 16593 16595 16219 16533
20210528 16731 16878 16673 16863
20210531 16891 17098 16884 17011
