20210701 17678 17774 17555 17646
20210702 17651 17724 17588 17649
20210705 17755 17920 17742 17896
20210706 17956 17974 17858 17875
20210707 17821 17906 17715 17826
20210708 17876 17897 17694 17823
20210709 17662 17700 17526 17661
20210712 17848 17960 17770 17826
20210713 17958 18030 17824 17869
20210714 17846 17924 17748 17871
20210715 17919 18046 17868 18021
20210716 17826 17928 17772 17924
20210719 17717 17813 17647 17793
20210720 17680 17716 17478 17558
20210721 17655 17674 17376 17431
20210722 17441 17525 17347 17406
20210723 17486 17559 17380 17406
20210726 17473 17479 17197 17203
20210727 17322 17348 17153 17168
20210728 17062 17136 16733 16965
20210729 17136 17332 17068 17327
20210730 17285 17299 17126 17174
