20210601 17050 17148 17015 17131
20210602 17171 17198 17016 17102
20210603 17253 17313 17147 17226
20210604 17051 17159 17025 17103
20210607 17212 17229 16719 17090
20210608 17190 17198 17030 17090
20210609 16997 17073 16889 16959
20210610 17035 17175 16992 17157
20210611 17189 17298 17189 17217
20210615 17322 17402 17276 17397
20210616 17324 17398 17033 17346
20210617 17070 17298 17039 17295
20210618 17315 17332 17212 17254
20210621 17048 17149 16891 16963
20210622 17155 17180 16988 17026
20210623 17100 17319 17059 17267
20210624 17298 17398 17261 17338
20210625 17438 17562 17377 17423
20210628 17484 17560 17398 17533
20210629 17595 17623 17451 17530
20210630 17610 17766 17583 17712
