20210802 17313 17470 17160 17467
20210803 17426 17496 17361 17482
20210804 17491 17586 17464 17571
20210805 17570 17584 17520 17544
20210806 17555 17560 17353 17439
20210809 17438 17448 17235 17406
20210810 17396 17443 17259 17295
20210811 17217 17298 17078 17170
20210812 17207 17235 17125 17158
20210813 17185 17190 16934 16936
20210816 16829 16936 16750 16774
20210817 16850 16873 16575 16578
20210818 16440 16796 16389 16785
20210819 16611 16648 16256 16328
20210820 16297 16426 16145 16188
20210823 16427 16729 16393 16679
20210824 16822 16842 16717 16781
20210825 16794 16982 16785 16962
20210826 17103 17125 16882 16993
20210827 16940 17218 16908 17172
20210830 17249 17353 17206 17335
20210831 17276 17468 17144 17455
