20210901 17408 17500 17363 17474
20210902 17434 17507 17266 17319
20210903 17442 17553 17370 17508
20210906 17440 17596 17425 17493
20210907 17522 17529 17337 17424
20210908 17395 17426 17163 17260
20210909 17142 17291 17084 17238
20210910 17300 17479 17284 17473
20210913 17434 17492 17356 17441
20210914 17541 17569 17426 17462
20210915 17403 17433 17280 17382
20210916 17337 17362 17191 17247
20210917 17256 17395 17165 17294
20210922 16835 16940 16751 16900
20210923 17020 17130 16985 17080
20210924 17191 17275 17170 17248
20210927 17247 17344 17222 17292
20210928 17182 17183 17042 17170
20210929 16926 16937 16760 16818
20210930 16803 16966 16704 16919
