20211001 16800 16805 16415 16518
20211004 16588 16629 16313 16361
20211005 16240 16424 16107 16395
20211006 16470 16493 16265 16362
20211007 16521 16760 16519 16699
20211008 16740 16759 16591 16625
20211012 16485 16489 16285 16419
20211013 16520 16585 16318 16321
20211014 16496 16546 16354 16402
20211015 16654 16790 16570 16780
20211018 16800 16870 16705 16721
20211019 16810 16954 16787 16903
20211020 16973 16987 16863 16882
20211021 16879 17047 16812 16815
20211022 16877 16913 16770 16853
20211025 16788 16930 16731 16891
20211026 16975 17073 16948 17044
20211027 16944 17088 16928 17068
20211028 17013 17103 16984 17039
20211029 17061 17074 16858 16946
