20211201 17350 17617 17333 17584
20211202 17570 17709 17509 17704
20211203 17696 17745 17621 17706
20211206 17619 17736 17527 17692
20211207 17677 17799 17586 17795
20211208 17945 17988 17840 17853
20211209 17886 17946 17812 17910
20211210 17808 17874 17765 17818
20211213 17912 17944 17743 17753
20211214 17683 17711 17565 17602
20211215 17588 17666 17536 17630
20211216 17765 17809 17671 17804
20211217 17716 17798 17703 17785
20211220 17720 17748 17564 17582
20211221 17660 17829 17624 17796
20211222 17847 17852 17783 17832
20211223 17935 17983 17903 17951
20211224 18014 18035 17946 17957
20211227 17982 18099 17967 18070
20211228 18115 18209 18105 18206
20211229 18195 18289 18188 18274
20211230 18242 18265 18177 18209
