20210104 14640 14925 14635 14873
20210105 14874 14980 14836 14976
20210106 15048 15140 14764 14911
20210107 15050 15260 15024 15226
20210108 15376 15473 15264 15451
20210111 15420 15538 15369 15531
20210112 15517 15605 15407 15489
20210113 15557 15790 15555 15759
20210114 15705 15766 15632 15727
20210115 15950 16002 15584 15632
20210118 15637 15679 15327 15608
20210119 15714 15946 15710 15888
20210120 15899 15964 15735 15766
20210121 15803 16183 15769 16125
20210122 16051 16085 15928 15977
20210125 15956 16004 15719 15911
20210126 15865 15974 15537 15628
20210127 15725 15814 15585 15657
20210128 15411 15524 15305 15382
20210129 15498 15539 15063 15070
