20220801 14921 14940 14804 14870
20220802 14767 14778 14589 14645
20220803 14627 14727 14594 14672
20220804 14686 14722 14461 14654
20220805 14780 15020 14777 15011
20220808 14937 14987 14888 14961
20220809 14894 15065 14853 15016
20220810 14874 14945 14832 14878
20220811 15115 15191 15093 15184
20220812 15229 15309 15200 15274
20220815 15369 15432 15310 15385
20220816 15390 15450 15385 15425
20220817 15404 15461 15396 15452
20220818 15250 15325 15224 15317
20220819 15308 15406 15275 15354
20220822 15171 15250 15156 15179
20220823 15059 15109 15022 15028
20220824 15080 15120 14987 15035
20220825 15130 15225 15116 15170
20220826 15271 15318 15228 15241
20220829 14832 14898 14762 14820
20220830 14850 14994 14837 14949
20220831 14849 15099 14826 15042
