20220701 14656 14702 14128 14175
20220704 14236 14312 14025 14152
20220705 14350 14430 13975 14209
20220706 14213 14239 13858 13879
20220707 14068 14295 13832 14187
20220708 14390 14485 14264 14332
20220711 14467 14496 14229 14278
20220712 14157 14181 13850 13914
20220713 14240 14356 14203 14281
20220714 14237 14437 14122 14386
20220715 14422 14542 14333 14479
20220718 14577 14666 14535 14647
20220719 14562 14697 14533 14678
20220720 14845 14907 14696 14713
20220721 14600 14771 14573 14747
20220722 14796 14848 14725 14755
20220725 14750 14845 14688 14793
20220726 14755 14788 14650 14707
20220727 14670 14800 14615 14791
20220728 14922 14949 14786 14833
20220729 14936 14990 14870 14940
