20220103 18288 18389 18203 18272
20220104 18361 18522 18359 18514
20220105 18480 18546 18438 18480
20220106 18345 18419 18238 18337
20220107 18459 18478 18115 18146
20220110 18075 18264 18022 18260
20220111 18200 18295 18102 18279
20220112 18403 18411 18271 18376
20220113 18433 18485 18364 18425
20220114 18549 18560 18220 18360
20220117 18417 18537 18387 18508
20220118 18531 18583 18347 18350
20220119 18261 18345 18210 18218
20220120 18203 18270 18081 18224
20220121 18026 18050 17836 17896
20220124 17736 17973 17703 17957
20220125 17790 17799 17578 17674
20220126 17683 17757 17607 17624
