20220901 14841 14842 14675 14737
20220902 14776 14782 14584 14598
20220905 14590 14719 14561 14613
20220906 14720 14770 14555 14635
20220907 14445 14455 14331 14357
20220908 14459 14552 14389 14545
20220912 14775 14824 14731 14797
20220913 14884 14928 14827 14875
20220914 14458 14641 14443 14578
20220915 14578 14715 14562 14642
20220916 14500 14527 14465 14485
20220919 14550 14579 14406 14420
20220920 14548 14569 14464 14558
20220921 14476 14520 14392 14402
20220922 14225 14250 14088 14239
20220923 14212 14229 14056 14118
20220926 13916 13953 13740 13762
20220927 13843 13861 13735 13815
20220928 13796 13849 13486 13515
20220929 13658 13672 13471 13523
20220930 13356 13458 13298 13394
