20221101 12960 13095 12934 13033
20221102 13033 13103 13015 13084
20221103 12883 12983 12854 12957
20221104 12880 13039 12850 13029
20221107 13156 13265 13096 13225
20221108 13312 13390 13298 13333
20221109 13467 13613 13438 13593
20221110 13543 13565 13461 13486
20221111 13965 14062 13896 14054
20221114 14159 14195 14080 14125
20221115 14237 14575 14212 14524
20221116 14620 14652 14451 14499
20221117 14471 14545 14357 14511
20221118 14551 14681 14437 14465
20221121 14492 14517 14411 14431
20221122 14457 14529 14364 14504
20221123 14615 14642 14543 14599
20221124 14690 14789 14656 14774
20221125 14769 14798 14703 14710
20221128 14550 14588 14433 14474
20221129 14470 14678 14431 14660
20221130 14640 14838 14619 14802
