20221201 15030 15119 14927 14980
20221202 14860 14959 14842 14884
20221205 14898 15046 14880 14930
20221206 14874 14894 14672 14679
20221207 14603 14780 14594 14625
20221208 14567 14570 14413 14495
20221209 14636 14722 14572 14709
20221212 14649 14650 14485 14583
20221213 14660 14687 14496 14518
20221214 14609 14732 14576 14710
20221215 14658 14750 14607 14713
20221216 14440 14550 14411 14463
20221219 14405 14485 14362 14407
20221220 14366 14442 14121 14153
20221221 14210 14278 14175 14219
20221222 14311 14396 14285 14374
20221223 14168 14237 14125 14189
20221226 14196 14254 14192 14243
20221227 14295 14392 14278 14305
20221228 14190 14195 14070 14112
20221229 13960 14072 13938 14034
20221230 14193 14213 14127 14135
