20220301 17756 17942 17692 17912
20220302 17788 17895 17758 17838
20220303 17942 17964 17865 17929
20220304 17608 17788 17522 17668
20220307 17362 17405 17051 17058
20220308 16840 17058 16695 16707
20220309 16890 17023 16865 16949
20220310 17301 17456 17269 17436
20220311 17372 17387 17170 17226
20220314 17289 17350 17150 17240
20220315 17177 17195 16861 16885
20220316 17080 17089 16801 16937
20220317 17339 17470 17262 17444
20220318 17441 17444 17295 17393
20220321 17442 17577 17439 17491
20220322 17536 17543 17453 17522
20220323 17644 17735 17610 17699
20220324 17570 17687 17548 17669
20220325 17720 17726 17591 17621
20220328 17512 17521 17304 17437
20220329 17560 17577 17484 17546
20220330 17671 17755 17658 17740
20220331 17747 17774 17623 17634
