20220401 17466 17567 17414 17557
20220406 17439 17508 17327 17505
20220407 17333 17387 17123 17142
20220408 17200 17318 17169 17304
20220411 17222 17298 16976 17037
20220412 16960 17068 16906 17000
20220413 17080 17321 17071 17316
20220414 17349 17352 17251 17295
20220415 17102 17117 16960 16980
20220418 16908 16995 16813 16884
20220419 17065 17122 16988 17004
20220420 17071 17135 16992 17125
20220421 17180 17222 17090 17126
20220422 16862 16999 16823 16992
20220425 16686 16734 16508 16572
20220426 16648 16663 16533 16585
20220427 16221 16344 16160 16287
20220428 16317 16416 16220 16388
20220429 16555 16635 16495 16581
