20220601 16647 16755 16592 16608
20220602 16536 16585 16471 16533
20220606 16590 16648 16463 16600
20220607 16520 16531 16406 16461
20220608 16560 16693 16555 16641
20220609 16573 16606 16524 16577
20220610 16380 16486 16350 16474
20220613 16115 16120 15993 16050
20220614 15950 16068 15841 16052
20220615 16052 16096 15989 16061
20220616 15751 15805 15382 15411
20220617 15196 15300 15137 15202
20220620 15182 15231 14966 15031
20220621 15164 15362 15115 15346
20220622 15316 15319 14984 15015
20220623 15059 15145 14804 14939
20220624 15006 15142 14959 15053
20220627 15205 15400 15201 15277
20220628 15299 15304 15096 15194
20220629 15020 15114 14980 15016
20220630 14931 14945 14610 14624
