20221003 13248 13444 13215 13303
20221004 13530 13615 13489 13593
20221005 13740 13884 13721 13814
20221006 13932 13957 13814 13871
20221007 13781 13818 13683 13688
20221011 13251 13297 13081 13090
20221012 13049 13140 12975 13072
20221013 13032 13085 12805 12869
20221014 13150 13249 13074 13168
20221017 12964 13009 12821 12978
20221018 13158 13182 12992 13100
20221019 13125 13168 12967 12999
20221020 12815 12916 12662 12898
20221021 12922 12948 12794 12805
20221024 13100 13126 12864 12884
20221025 12895 12946 12652 12685
20221026 12722 12833 12664 12741
20221027 12883 12984 12878 12956
20221028 12855 12915 12745 12767
20221031 12880 12997 12836 12943
