20220503 16487 16570 16434 16472
20220504 16505 16589 16489 16519
20220505 16753 16776 16645 16685
20220506 16310 16380 16266 16356
20220509 16156 16194 16015 16027
20220510 15809 16045 15730 16038
20220511 15989 16058 15907 16007
20220512 15801 15890 15608 15630
20220513 15777 15854 15743 15849
20220516 15996 16044 15847 15922
20220517 15978 16096 15963 16075
20220518 16180 16318 16159 16302
20220519 15871 15965 15820 15911
20220520 16069 16145 16013 16136
20220523 16220 16263 16076 16143
20220524 16131 16156 15914 15926
20220525 15996 16146 15968 16061
20220526 16153 16184 15928 15950
20220527 16110 16245 16100 16229
20220530 16400 16584 16391 16559
20220531 16492 16716 16460 16681
