20230201 15350 15402 15297 15382
20230202 15549 15600 15468 15580
20230203 15581 15629 15488 15581
20230206 15504 15505 15391 15407
20230207 15383 15447 15366 15397
20230208 15475 15624 15474 15604
20230209 15549 15608 15530 15600
20230210 15596 15598 15520 15577
20230213 15510 15547 15431 15532
20230214 15633 15682 15588 15658
20230215 15502 15550 15382 15398
20230216 15458 15599 15451 15543
20230217 15428 15475 15384 15436
20230220 15386 15555 15367 15524
20230221 15486 15547 15471 15528
20230222 15353 15415 15306 15375
20230223 15435 15656 15433 15600
20230224 15642 15684 15526 15541
