20230801 17160 17218 17090 17178
20230802 17093 17162 16806 16820
20230804 16720 16863 16715 16823
20230807 16859 17027 16836 17000
20230808 17020 17026 16757 16852
20230809 16815 16935 16780 16853
20230810 16788 16797 16584 16656
20230811 16711 16754 16574 16625
20230814 16567 16570 16306 16377
20230815 16471 16540 16422 16423
20230816 16300 16413 16290 16364
20230817 16261 16493 16205 16456
20230818 16422 16541 16320 16353
20230821 16424 16474 16325 16348
20230822 16495 16507 16380 16400
20230823 16419 16561 16405 16558
20230824 16788 16798 16670 16756
20230825 16549 16586 16415 16426
20230828 16468 16548 16461 16492
20230829 16578 16632 16453 16624
20230830 16738 16778 16695 16723
20230831 16730 16731 16602 16620
