20230901 16608 16727 16600 16651
20230904 16646 16782 16607 16778
20230905 16736 16765 16707 16752
20230906 16758 16801 16702 16713
20230907 16604 16660 16560 16563
20230908 16490 16579 16467 16562
20230911 16560 16577 16366 16425
20230912 16459 16591 16413 16570
20230913 16570 16645 16523 16579
20230914 16676 16842 16675 16836
20230915 16848 16918 16808 16904
20230918 16757 16796 16700 16712
20230919 16700 16741 16603 16606
20230920 16611 16648 16531 16537
20230921 16479 16483 16280 16311
20230922 16200 16355 16188 16344
20230925 16352 16491 16340 16465
20230926 16400 16408 16273 16305
20230927 16246 16334 16230 16311
20230928 16342 16435 16295 16367
