20231101 16099 16120 15978 16050
20231102 16256 16399 16250 16389
20231103 16488 16537 16441 16514
20231106 16680 16750 16626 16673
20231107 16632 16712 16613 16708
20231108 16725 16797 16687 16752
20231109 16711 16788 16692 16763
20231110 16664 16738 16627 16732
20231113 16969 16985 16836 16874
20231114 16956 16976 16912 16948
20231115 17170 17192 17055 17123
20231116 17196 17218 17109 17186
20231117 17152 17252 17151 17219
20231120 17227 17288 17154 17201
20231121 17281 17425 17280 17411
20231122 17298 17334 17256 17289
20231123 17275 17323 17214 17304
20231124 17330 17350 17265 17293
20231127 17257 17361 17145 17172
20231128 17215 17402 17195 17360
20231129 17339 17450 17314 17339
20231130 17400 17416 17291 17393
