20230703 16901 17038 16897 17035
20230704 17025 17116 16983 17103
20230705 17086 17098 16975 17005
20230706 16869 16898 16673 16689
20230707 16566 16708 16536 16624
20230710 16675 16737 16545 16553
20230711 16750 16877 16737 16866
20230712 16880 16929 16824 16922
20230713 17137 17255 17056 17086
20230714 17219 17305 17143 17291
20230717 17234 17345 17229 17287
20230718 17338 17386 17152 17220
20230719 17287 17325 17092 17103
20230720 17020 17150 17018 17126
20230721 16860 16984 16816 16947
20230724 16947 17024 16866 16979
20230725 17091 17225 17054 17182
20230726 17206 17208 17078 17100
20230727 17183 17263 17168 17223
20230728 17155 17299 17135 17262
20230731 17400 17425 17058 17103
