20231201 17333 17434 17254 17424
20231204 17465 17491 17376 17418
20231205 17285 17330 17231 17309
20231206 17367 17453 17346 17377
20231207 17321 17371 17261 17271
20231208 17409 17470 17363 17375
20231211 17436 17457 17350 17418
20231212 17518 17545 17427 17462
20231213 17491 17519 17426 17457
20231214 17608 17691 17595 17663
20231215 17771 17775 17672 17673
20231218 17672 17673 17583 17656
20231219 17596 17621 17505 17577
20231220 17605 17655 17596 17636
20231221 17442 17544 17414 17529
20231222 17563 17597 17542 17560
20231225 17644 17666 17607 17622
20231226 17651 17740 17634 17734
20231227 17755 17874 17737 17859
20231228 17850 17887 17821 17866
20231229 17853 17900 17828 17870
