20230601 16440 16518 16422 16469
20230602 16577 16738 16566 16711
20230605 16750 16764 16657 16683
20230606 16687 16784 16680 16746
20230607 16785 16906 16766 16890
20230608 16852 16867 16667 16717
20230609 16802 16888 16785 16886
20230612 16954 16984 16907 16942
20230613 17088 17274 17081 17218
20230614 17199 17230 17133 17199
20230615 17250 17348 17230 17336
20230616 17292 17322 17215 17269
20230619 17194 17286 17160 17253
20230620 17210 17238 17106 17189
20230621 17157 17244 17140 17230
20230626 16851 16915 16822 16880
20230627 16805 16855 16705 16742
20230628 16795 16810 16712 16775
20230629 16851 16965 16733 16762
20230630 16718 16826 16671 16787
