20230301 15381 15555 15333 15546
20230302 15596 15618 15435 15542
20230303 15612 15670 15568 15615
20230306 15730 15834 15692 15772
20230307 15786 15894 15750 15873
20230308 15725 15809 15721 15785
20230309 15855 15862 15751 15766
20230310 15618 15624 15452 15481
20230313 15450 15540 15345 15519
20230314 15358 15428 15310 15354
20230315 15472 15532 15404 15405
20230316 15194 15305 15150 15226
20230317 15310 15418 15298 15405
20230320 15454 15477 15352 15370
20230321 15464 15517 15425 15455
20230322 15589 15725 15568 15715
20230323 15695 15866 15683 15836
20230324 15878 15923 15806 15917
20230327 15855 15893 15793 15829
20230328 15814 15829 15655 15689
20230329 15730 15787 15653 15738
20230330 15822 15862 15761 15819
20230331 15879 15965 15860 15864
