20230406 15780 15793 15701 15762
20230407 15850 15870 15796 15818
20230410 15839 15927 15828 15851
20230411 15834 15963 15825 15924
20230412 15957 15960 15866 15925
20230413 15865 15903 15808 15816
20230414 15882 15995 15855 15948
20230417 15920 15974 15877 15970
20230418 15931 15963 15862 15891
20230419 15893 15923 15750 15775
20230420 15730 15798 15682 15731
20230421 15757 15778 15602 15614
20230424 15545 15655 15542 15620
20230425 15641 15662 15369 15389
20230426 15390 15409 15312 15376
20230427 15342 15461 15305 15426
20230428 15515 15596 15498 15572
