20231002 16531 16610 16504 16556
20231003 16497 16553 16408 16411
20231004 16285 16286 16164 16245
20231005 16300 16486 16288 16457
20231006 16476 16552 16473 16528
20231011 16829 16829 16662 16714
20231012 16768 16857 16725 16848
20231013 16750 16807 16730 16771
20231016 16661 16683 16603 16649
20231017 16764 16782 16634 16650
20231018 16616 16633 16411 16426
20231019 16365 16487 16357 16461
20231020 16440 16465 16255 16414
20231023 16350 16366 16250 16256
20231024 16274 16343 16148 16333
20231025 16370 16480 16350 16358
20231026 16144 16176 16039 16066
20231027 16137 16217 16120 16152
20231030 16118 16238 16111 16160
20231031 16180 16197 15973 15997
