20230502 15628 15672 15551 15635
20230503 15559 15595 15523 15549
20230504 15496 15619 15490 15607
20230505 15598 15696 15576 15642
20230508 15758 15776 15704 15723
20230509 15706 15744 15652 15736
20230510 15692 15702 15581 15610
20230511 15660 15683 15517 15519
20230512 15450 15559 15420 15506
20230515 15439 15522 15425 15510
20230516 15604 15723 15593 15690
20230517 15720 15973 15713 15953
20230518 16026 16085 15960 16069
20230519 16153 16161 16068 16127
20230522 16133 16158 16091 16115
20230523 16149 16195 16072 16135
20230524 16055 16091 16005 16069
20230525 16132 16232 16125 16205
20230526 16362 16456 16346 16438
20230529 16607 16633 16543 16578
20230530 16550 16607 16515 16573
20230531 16576 16598 16455 16488
