20240701 22960 23166 22938 22993
20240702 22838 22993 22717 22835
20240703 23073 23188 22981 23183
20240704 23487 23626 23461 23621
20240705 23659 23677 23526 23571
20240708 23545 23994 23512 23909
20240709 23945 24092 23624 23881
20240710 23759 24014 23702 24002
20240711 24251 24405 24160 24371
20240712 24038 24070 23784 23814
20240715 24091 24112 23756 23851
20240716 23830 24182 23824 23994
20240717 23980 24000 23647 23680
20240718 23294 23444 23154 23387
20240719 23148 23185 22853 22907
20240722 22859 22906 22184 22374
20240723 22600 22871 22571 22835
20240726 22028 22156 21918 22096
20240729 22430 22519 22146 22256
20240730 21933 22299 21809 22252
20240731 22050 22348 22013 22284
