20240301 18968 19017 18924 18961
20240304 19144 19340 19137 19311
20240305 19362 19436 19305 19390
20240306 19282 19523 19271 19507
20240307 19688 19770 19584 19702
20240308 19930 20009 19638 19794
20240311 19691 19825 19679 19716
20240312 19714 19956 19698 19954
20240313 19994 20064 19886 19928
20240314 19897 19978 19799 19940
20240315 19828 19873 19723 19728
20240318 19778 19920 19747 19914
20240319 19816 19911 19739 19867
20240320 19860 19956 19731 19748
20240321 20048 20264 20029 20260
20240322 20226 20285 20122 20240
20240325 20256 20307 20188 20229
20240326 20280 20459 20038 20185
20240327 20185 20288 20148 20258
20240328 20238 20250 20081 20202
20240329 20226 20299 20192 20278
