20241202 22530 22828 22498 22822
20241203 23152 23191 22999 23111
20241204 23200 23296 23071 23286
20241205 23260 23328 23211 23252
20241206 23321 23360 23134 23180
20241209 23193 23287 23170 23250
20241210 23228 23337 23026 23078
20241211 22887 23055 22824 22847
20241212 23004 23211 23003 23107
20241213 22996 23092 22888 22984
20241216 23220 23270 22946 22966
20241217 23105 23215 23024 23030
20241218 22937 23200 22902 23105
20241219 22747 22906 22718 22852
20241220 22767 22793 22590 22631
20241223 22904 23245 22899 23233
20241224 23430 23459 23187 23201
20241225 23340 23349 23240 23326
20241226 23358 23380 23285 23326
20241227 23194 23378 23148 23372
20241230 23202 23324 23154 23171
20241231 22998 23110 22955 23044
