20240902 22318 22448 22172 22212
20240903 22205 22314 22000 22051
20240904 21246 21347 20828 20940
20240905 21310 21454 21056 21183
20240906 21211 21435 21013 21316
20240909 20734 21125 20616 21083
20240910 21233 21281 20905 21005
20240911 21100 21130 20950 21006
20240912 21597 21780 21461 21703
20240913 21800 21833 21657 21815
20240916 21807 21871 21735 21815
20240918 21730 21872 21560 21619
20240919 21763 22082 21661 22075
20240920 22345 22425 22186 22216
20240923 22291 22392 22258 22338
20240924 22298 22508 22152 22493
20240925 22835 22860 22739 22792
20240926 23034 23078 22892 22957
20240927 23190 23195 22878 22892
20240930 22699 22755 22316 22326
