20240102 17838 17920 17751 17800
20240103 17658 17667 17507 17545
20240104 17525 17583 17525 17550
20240105 17577 17626 17491 17518
20240108 17572 17706 17568 17595
20240109 17770 17782 17526 17547
20240110 17509 17521 17439 17460
20240111 17490 17606 17481 17570
20240112 17466 17570 17447 17487
20240115 17580 17655 17527 17554
20240116 17480 17499 17321 17333
20240117 17313 17344 17159 17168
20240118 17240 17326 17215 17282
20240119 17541 17684 17504 17674
20240122 17816 17843 17747 17815
20240123 17799 17877 17790 17868
20240124 17903 17941 17876 17896
20240125 18016 18030 17935 17997
20240126 17951 18023 17936 17999
20240129 18011 18135 17970 18123
20240130 18129 18139 18064 18081
20240131 17990 18003 17904 17921
