20240502 20250 20380 20215 20292
20240503 20548 20597 20306 20382
20240506 20685 20714 20562 20601
20240507 20733 20756 20536 20648
20240508 20618 20738 20574 20724
20240509 20707 20763 20605 20612
20240510 20738 20828 20616 20812
20240513 20942 20965 20833 20881
20240514 20892 21015 20868 21006
20240515 21184 21361 21116 21143
20240516 21465 21556 21326 21372
20240517 21303 21407 21288 21335
20240520 21435 21485 21153 21299
20240521 21324 21350 21165 21282
20240522 21293 21613 21283 21581
20240523 21630 21661 21492 21605
20240524 21448 21617 21414 21568
20240527 21670 21917 21655 21870
20240528 21892 21994 21845 21951
20240529 21865 21907 21720 21730
20240530 21512 21553 21368 21395
20240531 21505 21583 21253 21288
