20240801 22721 22728 22460 22660
20240802 22000 22099 21508 21526
20240805 20712 20742 19374 19374
20240806 20395 20790 19589 20455
20240807 20500 21335 20494 21142
20240808 20680 21082 20545 20698
20240809 21305 21593 21032 21483
20240812 21650 21895 21600 21676
20240813 21848 21898 21662 21771
20240814 22104 22158 21908 21996
20240815 21993 22114 21836 21840
20240816 22324 22447 22277 22365
20240819 22400 22521 22320 22361
20240820 22555 22574 22389 22435
20240821 22311 22344 22151 22200
20240822 22229 22277 22026 22100
20240823 21942 22170 21865 22123
20240826 22230 22450 22131 22210
20240827 22112 22210 21998 22152
20240828 22181 22414 22048 22405
20240829 21938 22245 21900 22167
20240830 22320 22366 22213 22318
