20240401 20393 20400 20259 20293
20240402 20350 20524 20350 20521
20240403 20370 20419 20275 20351
20240408 20404 20520 20375 20447
20240409 20538 20877 20518 20869
20240410 20822 20892 20804 20848
20240411 20706 20764 20651 20752
20240412 20745 20809 20682 20753
20240415 20544 20605 20460 20506
20240416 20278 20286 19798 19947
20240417 19942 20289 19927 20238
20240418 20070 20359 20025 20353
20240419 19840 19924 19265 19559
20240422 19620 19715 19445 19528
20240423 19651 19745 19554 19680
20240424 19930 20202 19916 20170
20240425 19940 19979 19834 19880
20240426 20126 20271 20070 20176
20240429 20350 20560 20310 20550
20240430 20518 20576 20404 20413
