20241001 22246 22463 22228 22391
20241004 22331 22507 22250 22288
20241007 22570 22808 22539 22767
20241008 22606 22634 22392 22578
20241009 22770 22888 22666 22699
20241011 22829 23047 22794 22911
20241014 22987 23049 22818 23005
20241015 23168 23386 23101 23228
20241016 22897 23203 22855 22986
20241017 23142 23277 23005 23256
20241018 23820 23840 23527 23657
20241021 23810 23836 23566 23574
20241022 23560 23637 23332 23621
20241023 23498 23511 23336 23409
20241024 23383 23449 23203 23290
20241025 23270 23487 23252 23476
20241028 23650 23657 23216 23322
20241029 23137 23148 22693 22979
20241030 23072 23145 22845 22901
