20241101 22397 22822 22232 22767
20241104 22767 23046 22700 23036
20241105 22808 23239 22782 23137
20241106 23250 23448 23051 23319
20241107 23183 23576 23085 23525
20241108 23772 23794 23528 23774
20241111 23555 23632 23309 23572
20241112 23013 23242 22863 22875
20241113 22755 23015 22730 22786
20241114 22786 22880 22576 22692
20241115 22710 22930 22684 22762
20241118 22654 22789 22544 22573
20241119 22641 22995 22592 22848
20241120 22906 22956 22668 22686
20241121 22647 22733 22514 22575
20241122 22811 23066 22780 23032
20241125 23254 23287 23014 23062
20241126 22710 22845 22615 22634
20241127 22600 22690 22341 22352
20241128 22302 22385 22117 22330
20241129 22210 22438 22004 22307
