20240603 21469 21698 21424 21655
20240604 21560 21574 21284 21327
20240605 21350 21493 21226 21460
20240606 21825 21962 21791 21873
20240607 21839 21908 21781 21894
20240611 21920 21970 21783 21801
20240612 21829 22063 21790 22046
20240613 22308 22473 22207 22325
20240614 22274 22514 22270 22510
20240617 22430 22554 22420 22477
20240618 22726 22812 22666 22786
20240619 22956 23291 22940 23226
20240620 23153 23380 23106 23377
20240621 23034 23291 23025 23207
20240624 23050 23073 22708 22754
20240625 22608 22776 22410 22747
20240626 22806 23005 22744 22876
20240627 22614 22822 22555 22797
20240628 22908 23117 22793 22980
