20251001 26094 26375 26000 26043
20251002 26459 26527 26381 26424
20251003 26480 26764 26388 26736
20251007 27202 27356 26995 27317
20251008 27061 27127 26912 27093
20251009 27440 27455 27273 27338
20251013 26450 26945 26390 26915
20251014 27269 27450 26716 26725
20251015 26850 27191 26775 27156
20251016 27545 27877 27450 27818
20251017 27251 27545 27244 27328
20251020 27444 27824 27432 27780
20251021 27900 28036 27798 27831
20251022 27690 27797 27526 27708
20251023 27385 27629 27313 27556
20251027 28284 28291 28079 28219
20251028 28233 28250 27984 28005
20251029 28225 28446 28203 28414
20251030 28430 28552 28181 28399
20251031 28478 28588 28378 28430
