20250303 22650 22797 22611 22724
20250304 22242 22668 22194 22588
20250305 22659 22927 22637 22892
20250306 22991 23017 22704 22762
20250307 22499 22685 22480 22523
20250310 22456 22547 22315 22446
20250311 21868 22085 21661 22027
20250312 22101 22345 22044 22234
20250313 22445 22475 21917 21923
20250314 22120 22131 21874 21962
20250317 22161 22312 22111 22155
20250318 22373 22385 22191 22227
20250319 22238 22247 21935 21964
20250320 22236 22417 22202 22365
20250321 22323 22377 22173 22181
20250324 22302 22399 22124 22151
20250325 22330 22443 22202 22301
20250326 22409 22429 22250 22304
20250327 22031 22052 21891 21971
20250328 21750 21795 21485 21599
20250331 20856 21065 20724 20764
