20251103 28380 28583 28229 28341
20251104 28410 28594 28113 28119
20251105 27710 27850 27415 27808
20251106 28010 28141 27903 28034
20251107 27777 27838 27596 27721
20251110 27777 28039 27718 28016
20251111 28149 28180 27762 27780
20251112 27889 28078 27858 28059
20251113 28038 28044 27802 27978
20251114 27510 27596 27366 27404
20251117 27570 27690 27465 27481
20251118 27142 27298 26772 26814
20251119 26807 26915 26537 26615
20251120 27308 27492 27201 27484
20251121 26750 26770 26397 26476
20251124 26705 26730 26536 26614
20251125 27055 27105 26773 26933
20251126 27188 27384 27133 27339
20251127 27518 27649 27461 27579
20251128 27590 27854 27558 27737
