20250502 20488 20710 20469 20682
20250505 20757 20796 20206 20423
20250506 20150 20483 20150 20345
20250507 20440 20560 20265 20377
20250508 20475 20695 20452 20578
20250509 20649 20872 20596 20845
20250512 21015 21134 20978 21073
20250513 21421 21520 21288 21355
20250514 21677 21787 21579 21772
20250515 21776 21810 21676 21695
20250516 21775 21878 21679 21823
20250519 21682 21748 21499 21538
20250520 21753 21772 21505 21543
20250521 21564 21852 21549 21849
20250522 21465 21550 21396 21499
20250523 21558 21640 21372 21466
20250526 21450 21569 21357 21381
20250527 21403 21438 21133 21221
20250528 21420 21512 21150 21250
20250529 21513 21616 21275 21317
