20250203 22680 22817 22539 22596
20250204 22919 22945 22708 22825
20250205 23077 23284 23063 23137
20250206 23355 23379 23234 23295
20250207 23285 23465 23278 23428
20250210 23324 23366 23167 23236
20250211 23391 23503 23302 23334
20250212 23429 23536 23292 23311
20250213 23435 23460 23250 23401
20250214 23338 23349 23116 23180
20250217 23286 23540 23283 23506
20250218 23570 23663 23466 23645
20250219 23568 23697 23560 23607
20250220 23505 23564 23371 23536
20250221 23533 23761 23474 23743
20250224 23549 23564 23444 23556
20250225 23231 23345 23138 23295
20250226 23150 23421 23104 23417
20250227 23374 23434 23127 23189
