20250602 20976 21049 20790 20870
20250603 21034 21221 20955 20974
20250604 21280 21533 21261 21479
20250605 21589 21677 21512 21554
20250606 21599 21630 21513 21566
20250609 21663 21788 21626 21719
20250610 21879 22236 21850 22116
20250611 22296 22355 22190 22344
20250612 22315 22329 22214 22253
20250613 21954 22139 21893 21940
20250616 22030 22061 21868 22032
20250617 22150 22260 22061 22163
20250618 22109 22384 22080 22308
20250619 21820 21857 21675 21703
20250620 21635 21743 21470 21650
20250623 21350 21484 21205 21472
20250624 21770 21966 21764 21959
20250625 22138 22168 22017 22163
20250626 22161 22263 22078 22115
20250627 22197 22221 21989 22122
20250630 22239 22254 22083 22144
