20250801 23064 23442 23048 23345
20250804 23108 23300 23032 23272
20250805 23446 23584 23421 23577
20250806 23423 23483 23381 23417
20250807 23660 24054 23653 23997
20250808 24091 24095 23947 23953
20250811 23973 24223 23833 24148
20250812 24155 24241 24088 24142
20250813 24298 24412 24154 24343
20250814 24337 24362 24207 24252
20250815 24282 24385 24188 24297
20250818 24199 24462 24176 24424
20250819 24380 24447 24313 24346
20250820 24156 24201 23631 23637
20250821 23729 23943 23691 23852
20250822 23877 23982 23732 23750
20250825 24120 24314 24070 24255
20250826 24143 24281 24090 24255
20250827 24350 24496 24331 24464
20250828 24358 24420 24203 24224
20250829 24401 24453 24246 24268
