20250401 21000 21271 20888 21187
20250402 21273 21360 21188 21296
20250407 19167 19167 19167 19167
20250408 18596 18754 18004 18169
20250409 17846 18286 17139 17184
20250410 18902 18902 18902 18902
20250411 18560 19566 18441 19543
20250414 19800 19982 19450 19497
20250415 19585 19833 19517 19794
20250416 19601 19672 19426 19548
20250417 19243 19406 19112 19367
20250418 19380 19432 19288 19334
20250421 19347 19368 19027 19099
20250422 18945 19035 18773 18803
20250423 19250 19596 19171 19558
20250424 19636 19682 19413 19460
20250425 19980 20008 19848 19873
20250428 19965 20053 19933 19965
20250429 19980 20207 19963 20155
20250430 20091 20268 20065 20154
