20250901 24120 24245 23847 24007
20250902 24083 24249 23879 23972
20250903 23966 24083 23888 23997
20250904 24195 24365 24113 24130
20250905 24363 24429 24286 24424
20250908 24588 24674 24518 24556
20250909 24725 24838 24660 24803
20250910 24970 25244 24961 25176
20250911 25386 25464 25176 25233
20250912 25418 25466 25350 25458
20250915 25404 25450 25269 25347
20250916 25420 25663 25410 25625
20250917 25556 25583 25402 25433
20250918 25623 25747 25490 25712
20250919 25850 25853 25636 25670
20250922 25756 25941 25689 25893
20250923 26058 26328 26023 26263
20250924 26376 26393 26072 26234
20250925 26191 26283 26087 26095
20250926 25944 25991 25500 25660
20250930 25800 26046 25797 25953
