20250701 22197 22593 22191 22352
20250702 22298 22401 22208 22393
20250703 22568 22716 22547 22680
20250704 22739 22762 22431 22436
20250707 22349 22506 22244 22328
20250708 22353 22397 22141 22258
20250709 22250 22473 22146 22434
20250710 22470 22647 22410 22607
20250711 22519 22774 22488 22767
20250714 22670 22695 22520 22547
20250715 22529 22882 22512 22804
20250716 22849 23116 22845 23047
20250717 22958 23150 22866 23137
20250718 23350 23399 23230 23260
20250721 23234 23301 23172 23220
20250722 23241 23406 22977 22996
20250723 23006 23258 23000 23184
20250724 23400 23408 23229 23303
20250725 23264 23328 23207 23237
20250728 23368 23483 23265 23385
20250729 23326 23359 23027 23151
20250730 23213 23421 23198 23359
20250731 23497 23621 23355 23584
