20251201 27650 27674 27401 27406
20251202 27674 27789 27528 27559
20251203 27808 27888 27690 27760
20251204 27841 27880 27670 27798
20251205 27792 28019 27763 28010
20251208 28054 28298 28019 28284
20251209 28350 28360 28204 28217
20251210 28279 28434 28252 28400
20251211 28600 28602 28059 28101
20251212 28266 28342 28157 28290
20251215 27834 27984 27755 27910
20251216 27630 27689 27411 27635
20251217 27625 27773 27474 27483
20251218 27500 27679 27457 27598
20251219 27800 27983 27795 27897
20251222 28256 28368 28170 28341
20251223 28392 28455 28359 28415
20251224 28565 28577 28400 28467
20251226 28595 28714 28536 28677
20251229 28749 28998 28713 28940
20251230 28777 28942 28705 28875
20251231 28842 29053 28782 29014
