20260302 34744 35495 34722 35238
20260303 35018 35320 34314 34331
20260304 33461 33666 32679 32871
20260305 33911 34294 33392 33666
20260306 33360 33888 33296 33703
20260309 31730 32111 31124 31902
20260310 33242 33329 32374 32717
20260311 33341 34185 33277 34004
20260312 33678 33939 33326 33512
20260313 32664 33518 32663 33304
20260316 33460 33723 33077 33264
20260317 33616 34017 33593 33801
20260318 34266 34440 34100 34263
20260319 33898 34083 33537 33559
20260320 33809 33888 33371 33559
20260323 32501 32890 32213 32559
20260324 33280 33393 32342 32781
20260325 33786 33880 33444 33623
20260326 33855 34024 33347 33441
20260327 32793 33243 32652 33126
20260330 32048 32712 32027 32480
20260331 32000 32451 31806 31954
