20260102 29047 29500 29026 29479
20260105 29888 30487 29850 30309
20260106 30271 30672 30183 30627
20260107 30609 30676 30448 30516
20260108 30362 30663 30353 30458
20260109 30450 30578 30005 30453
20260112 30717 30763 30555 30700
20260113 31067 31252 30626 30870
20260114 31000 31162 30937 30980
20260115 30831 31057 30744 31050
20260116 31382 31536 31157 31476
20260119 31272 31774 31208 31672
20260120 31481 31742 31328 31668
20260121 31296 31650 31200 31245
20260122 31876 32057 31783 31863
20260123 31995 32166 31873 32159
20260126 32128 32231 32086 32150
20260127 32313 32532 32206 32505
20260128 32758 32938 32668 32925
20260129 33014 33014 32587 32774
20260130 32456 32526 32092 32252
