20200102 12044 12120 12023 12101
20200103 12180 12198 11996 12087
20200106 12017 12034 11948 11949
20200107 11995 12009 11816 11871
20200108 11728 11892 11697 11788
20200109 11919 11998 11883 11969
20200110 12005 12042 11953 12011
20200113 12085 12121 12044 12116
20200114 12176 12199 12148 12181
20200115 12159 12175 12058 12063
20200116 12040 12078 11990 12052
20200117 12103 12118 12029 12071
20200120 12119 12160 12097 12111
20200130 11770 11798 11366 11372
20200131 11460 11567 11407 11469
20200203 11285 11370 11152 11324
20200204 11373 11557 11362 11534
20200205 11603 11620 11474 11542
20200206 11651 11744 11628 11739
20200207 11660 11666 11566 11589
20200210 11455 11598 11402 11565
20200211 11625 11689 11613 11664
20200212 11663 11797 11647 11770
20200213 11798 11837 11762 11775
20200214 11757 11852 11755 11810
20200217 11710 11792 11702 11769
20200218 11715 11719 11627 11640
20200219 11678 11805 11637 11760
20200220 11820 11830 11679 11713
20200221 11665 11765 11636 11663
20200224 11509 11587 11476 11511
20200225 11400 11561 11386 11541
20200226 11383 11482 11365 11421
20200227 11395 11447 11237 11276
20200302 11011 11278 11005 11176
20200303 11313 11375 11278 11321
20200304 11348 11369 11267 11358
20200305 11450 11501 11428 11491
20200306 11400 11420 11260 11269
20200309 10975 11108 10916 10951
20200310 10830 10996 10779 10981
20200311 10979 11029 10807 10824
20200312 10750 10765 10161 10362
20200313 9749 10147 9450 10027
20200316 9919 10055 9636 9679
20200317 9379 9677 9271 9371
20200318 9366 9489 9205 9264
20200319 8820 8872 8268 8356
20200320 8562 9166 8544 9041
20200323 8609 8868 8555 8665
20200324 8998 9295 8986 9193
20200325 9410 9624 9370 9585
20200326 9679 9690 9426 9631
20200327 9899 9910 9548 9579
20200330 9376 9576 9266 9566
20200331 9666 9717 9495 9595
20200401 9588 9650 9551 9555
20200406 9741 9860 9582 9823
20200407 9955 10020 9878 9998
20200408 9950 10135 9945 10122
20200409 10131 10197 10028 10100
20200410 10038 10140 10030 10133
20200413 10084 10149 10031 10079
20200414 10160 10355 10125 10343
20200415 10347 10463 10330 10451
20200416 10177 10343 10161 10301
20200417 10575 10669 10456 10563
20200420 10515 10560 10458 10475
20200421 10406 10467 10144 10196
20200422 10145 10226 10065 10222
20200423 10268 10402 10154 10292
20200424 10231 10292 10211 10268
20200427 10373 10567 10368 10545
20200428 10600 10605 10480 10583
20200429 10655 10770 10631 10709
20200430 10813 10971 10803 10947
20200504 10540 10699 10477 10610
20200505 10717 10795 10658 10719
20200506 10658 10780 10618 10749
20200507 10736 10877 10710 10833
20200508 10893 10956 10853 10894
20200511 10979 11038 10935 10982
20200512 10902 10932 10802 10865
20200513 10783 10925 10776 10914
20200514 10828 10877 10738 10749
20200515 10830 10869 10701 10817
20200518 10768 10824 10724 10761
20200519 10932 10964 10836 10868
20200520 10903 10960 10853 10887
20200521 10903 11008 10894 10953
20200522 10928 10935 10723 10744
20200525 10800 10840 10651 10821
20200526 10896 11027 10891 10984
20200527 10962 11037 10926 10973
20200528 11066 11077 10856 10911
20200529 10888 10950 10806 10919
20200601 10983 11103 10971 11057
20200602 11080 11140 11072 11107
20200603 11250 11299 11206 11283
20200604 11419 11425 11306 11358
20200605 11399 11473 11377 11457
20200608 11550 11626 11491 11570
20200609 11596 11622 11521 11606
20200610 11634 11730 11596 11704
20200611 11689 11738 11475 11491
20200612 11331 11432 11250 11391
20200615 11356 11446 11216 11225
20200616 11448 11554 11421 11522
20200617 11480 11568 11467 11520
20200618 11372 11425 11295 11395
20200619 11424 11439 11361 11409
20200622 11374 11498 11362 11421
20200623 11493 11540 11346 11456
20200624 11541 11570 11503 11523
20200629 11394 11458 11315 11363
20200630 11460 11502 11412 11470
20200701 11482 11623 11472 11544
20200702 11585 11712 11566 11695
20200703 11788 11850 11752 11834
20200706 11921 12072 11905 12067
20200707 12149 12192 11990 12028
20200708 12041 12145 12025 12126
20200709 12202 12222 12118 12149
20200710 12204 12213 11987 11995
20200713 12139 12210 12105 12204
20200714 12147 12224 12119 12188
20200715 12305 12323 12150 12220
20200716 12066 12094 11931 12029
20200717 12088 12138 12011 12039
20200720 12073 12075 11903 12033
20200721 12125 12324 12121 12288
20200722 12301 12361 12256 12332
20200723 12309 12313 12199 12287
20200724 12232 12352 12123 12150
20200727 12410 12572 12407 12498
20200728 12834 12900 12408 12454
20200729 12446 12543 12392 12421
20200730 12617 12627 12488 12595
20200731 12606 12644 12525 12576
20200803 12531 12567 12405 12440
20200804 12516 12632 12489 12629
20200805 12700 12746 12643 12741
20200806 12856 12925 12753 12836
20200807 12860 12866 12706 12759
20200810 12779 12905 12720 12854
20200811 12825 12874 12727 12735
20200812 12700 12701 12565 12655
20200813 12816 12836 12702 12725
20200814 12696 12790 12646 12789
20200817 12776 12959 12771 12953
20200818 12983 12998 12836 12877
20200819 12905 12955 12780 12807
20200820 12695 12709 12067 12298
20200821 12466 12598 12423 12551
20200824 12568 12653 12503 12603
20200825 12657 12795 12643 12735
20200826 12730 12799 12681 12795
20200827 12838 12925 12735 12758
20200828 12740 12782 12634 12688
20200831 12800 12826 12563 12589
20200901 12566 12698 12531 12688
20200902 12765 12776 12595 12690
20200903 12792 12858 12705 12734
20200904 12558 12651 12510 12607
20200907 12608 12733 12560 12580
20200908 12657 12695 12610 12667
20200909 12545 12606 12434 12598
20200910 12669 12706 12622 12698
20200911 12658 12689 12606 12663
20200914 12694 12797 12678 12784
20200915 12768 12855 12756 12843
20200916 12945 13018 12900 12969
20200917 12855 12908 12772 12815
20200918 12839 12866 12773 12833
20200921 12820 12877 12655 12659
20200922 12627 12655 12481 12509
20200923 12553 12563 12441 12528
20200924 12407 12414 12166 12180
20200925 12265 12309 12114 12195
20200928 12292 12421 12246 12415
20200929 12478 12522 12395 12421
20200930 12456 12548 12444 12473
20201005 12577 12620 12486 12529
20201006 12618 12704 12614 12677
20201007 12620 12758 12606 12754
20201008 12831 12876 12772 12873
20201012 12935 12995 12878 12921
20201013 12950 12952 12816 12915
20201014 12940 12956 12871 12890
20201015 12838 12892 12727 12840
20201016 12818 12865 12718 12748
20201019 12783 12912 12782 12893
20201020 12892 12905 12844 12855
20201021 12906 12946 12851 12860
20201022 12729 12839 12707 12836
20201023 12865 12883 12795 12838
20201026 12848 12935 12820 12860
20201027 12826 12833 12765 12808
20201028 12780 12809 12713 12743
20201029 12598 12640 12504 12603
20201030 12545 12563 12407 12413
20201102 12474 12531 12402 12516
20201103 12611 12715 12602 12684
20201104 12770 12879 12662 12864
20201105 12924 12928 12821 12891
20201106 12942 12991 12896 12937
20201109 13090 13175 13046 13126
20201110 13130 13154 13010 13071
20201111 13101 13281 13077 13261
20201112 13266 13305 13193 13226
20201113 13227 13285 13163 13282
20201116 13407 13582 13406 13579
20201117 13656 13737 13603 13624
20201118 13632 13788 13621 13756
20201119 13732 13750 13662 13742
20201120 13724 13737 13640 13733
20201123 13790 13943 13788 13873
20201124 13921 13928 13777 13799
20201125 13886 13909 13692 13712
20201126 13788 13862 13741 13839
20201127 13781 13890 13763 13878
20201130 13883 13975 13704 13720
20201201 13818 13885 13751 13875
20201202 13932 13980 13855 13955
20201203 13971 14047 13903 13982
20201204 14022 14149 14012 14133
20201207 14181 14247 14087 14220
20201208 14206 14350 14156 14340
20201209 14372 14425 14331 14397
20201210 14261 14314 14178 14237
20201211 14290 14340 14091 14237
20201214 14264 14285 14197 14201
20201215 14162 14232 14030 14084
20201216 14198 14328 14186 14323
20201217 14220 14225 14085 14186
20201218 14190 14222 14128 14136
20201221 14155 14313 14021 14309
20201222 14253 14334 14042 14046
20201223 14104 14181 14031 14114
20201224 14185 14287 14179 14242
20201225 14328 14383 14245 14304
20201228 14329 14444 14320 14436
20201229 14465 14466 14376 14458
20201230 14451 14643 14440 14636
20201231 14678 14712 14604 14678
20210104 14640 14925 14635 14873
20210105 14874 14980 14836 14976
20210106 15048 15140 14764 14911
20210107 15050 15260 15024 15226
20210108 15376 15473 15264 15451
20210111 15420 15538 15369 15531
20210112 15517 15605 15407 15489
20210113 15557 15790 15555 15759
20210114 15705 15766 15632 15727
20210115 15950 16002 15584 15632
20210118 15637 15679 15327 15608
20210119 15714 15946 15710 15888
20210120 15899 15964 15735 15766
20210121 15803 16183 15769 16125
20210122 16051 16085 15928 15977
20210125 15956 16004 15719 15911
20210126 15865 15974 15537 15628
20210127 15725 15814 15585 15657
20210128 15411 15524 15305 15382
20210129 15498 15539 15063 15070
20210201 15156 15398 15090 15362
20210202 15469 15820 15459 15752
20210203 15864 15875 15716 15773
20210204 15721 15777 15542 15696
20210205 15809 15984 15751 15802
20210217 16261 16433 16179 16326
20210218 16374 16525 16287 16380
20210219 16301 16328 16130 16309
20210222 16480 16564 16336 16382
20210223 16223 16451 16182 16434
20210224 16300 16435 16133 16181
20210225 16388 16422 16243 16387
20210226 16037 16118 15852 15931
20210302 16249 16277 15868 15904
20210303 16000 16196 15885 16179
20210304 16025 16066 15756 15922
20210305 15601 15914 15570 15847
20210308 15950 16095 15767 15819
20210309 15810 15848 15608 15822
20210310 15977 15986 15808 15885
20210311 15951 16214 15942 16169
20210312 16276 16288 16155 16223
20210315 16206 16249 16142 16199
20210316 16250 16348 16213 16305
20210317 16304 16336 16161 16177
20210318 16255 16401 16220 16235
20210319 16100 16110 15953 16010
20210322 16018 16174 15911 16137
20210323 16223 16277 16103 16119
20210324 16019 16062 15939 15981
20210325 15890 16090 15870 16030
20210326 16095 16293 16081 16285
20210329 16370 16485 16350 16408
20210330 16469 16531 16418 16520
20210331 16540 16549 16403 16423
20210401 16535 16587 16452 16549
20210406 16760 16840 16697 16728
20210407 16777 16788 16673 16767
20210408 16715 16930 16687 16927
20210409 16952 16971 16810 16839
20210412 16895 16965 16760 16835
20210413 16910 17046 16780 16793
20210414 16860 16917 16592 16857
20210415 16881 17074 16852 17069
20210416 17062 17160 16990 17156
20210419 17118 17296 17111 17269
20210420 17238 17324 17206 17320
20210421 17225 17270 17150 17232
20210422 17258 17369 17053 17106
20210423 17061 17260 17041 17255
20210426 17337 17536 17323 17526
20210427 17532 17576 17460 17570
20210428 17548 17563 17475 17533
20210429 17578 17702 17531 17569
20210503 17501 17534 17226 17254
20210504 17271 17309 16668 16931
20210505 16847 17020 16756 16765
20210506 16884 17081 16700 16945
20210507 17120 17288 17060 17283
20210510 17369 17373 17178 17229
20210511 16968 16970 16425 16561
20210512 16503 16531 15027 15697
20210513 15538 15991 15348 15566
20210514 15800 16021 15653 15766
20210517 15183 15735 15096 15263
20210518 15563 16180 15501 16147
20210519 16122 16248 15979 16137
20210520 16078 16113 15854 15974
20210521 16222 16425 16072 16259
20210524 16079 16368 16069 16291
20210525 16463 16623 16425 16584
20210526 16616 16664 16504 16614
20210527 16593 16595 16219 16533
20210528 16731 16878 16673 16863
20210531 16891 17098 16884 17011
20210601 17050 17148 17015 17131
20210602 17171 17198 17016 17102
20210603 17253 17313 17147 17226
20210604 17051 17159 17025 17103
20210607 17212 17229 16719 17090
20210608 17190 17198 17030 17090
20210609 16997 17073 16889 16959
20210610 17035 17175 16992 17157
20210611 17189 17298 17189 17217
20210615 17322 17402 17276 17397
20210616 17324 17398 17033 17346
20210617 17070 17298 17039 17295
20210618 17315 17332 17212 17254
20210621 17048 17149 16891 16963
20210622 17155 17180 16988 17026
20210623 17100 17319 17059 17267
20210624 17298 17398 17261 17338
20210625 17438 17562 17377 17423
20210628 17484 17560 17398 17533
20210629 17595 17623 17451 17530
20210630 17610 17766 17583 17712
20210701 17678 17774 17555 17646
20210702 17651 17724 17588 17649
20210705 17755 17920 17742 17896
20210706 17956 17974 17858 17875
20210707 17821 17906 17715 17826
20210708 17876 17897 17694 17823
20210709 17662 17700 17526 17661
20210712 17848 17960 17770 17826
20210713 17958 18030 17824 17869
20210714 17846 17924 17748 17871
20210715 17919 18046 17868 18021
20210716 17826 17928 17772 17924
20210719 17717 17813 17647 17793
20210720 17680 17716 17478 17558
20210721 17655 17674 17376 17431
20210722 17441 17525 17347 17406
20210723 17486 17559 17380 17406
20210726 17473 17479 17197 17203
20210727 17322 17348 17153 17168
20210728 17062 17136 16733 16965
20210729 17136 17332 17068 17327
20210730 17285 17299 17126 17174
20210802 17313 17470 17160 17467
20210803 17426 17496 17361 17482
20210804 17491 17586 17464 17571
20210805 17570 17584 17520 17544
20210806 17555 17560 17353 17439
20210809 17438 17448 17235 17406
20210810 17396 17443 17259 17295
20210811 17217 17298 17078 17170
20210812 17207 17235 17125 17158
20210813 17185 17190 16934 16936
20210816 16829 16936 16750 16774
20210817 16850 16873 16575 16578
20210818 16440 16796 16389 16785
20210819 16611 16648 16256 16328
20210820 16297 16426 16145 16188
20210823 16427 16729 16393 16679
20210824 16822 16842 16717 16781
20210825 16794 16982 16785 16962
20210826 17103 17125 16882 16993
20210827 16940 17218 16908 17172
20210830 17249 17353 17206 17335
20210831 17276 17468 17144 17455
20210901 17408 17500 17363 17474
20210902 17434 17507 17266 17319
20210903 17442 17553 17370 17508
20210906 17440 17596 17425 17493
20210907 17522 17529 17337 17424
20210908 17395 17426 17163 17260
20210909 17142 17291 17084 17238
20210910 17300 17479 17284 17473
20210913 17434 17492 17356 17441
20210914 17541 17569 17426 17462
20210915 17403 17433 17280 17382
20210916 17337 17362 17191 17247
20210917 17256 17395 17165 17294
20210922 16835 16940 16751 16900
20210923 17020 17130 16985 17080
20210924 17191 17275 17170 17248
20210927 17247 17344 17222 17292
20210928 17182 17183 17042 17170
20210929 16926 16937 16760 16818
20210930 16803 16966 16704 16919
20211001 16800 16805 16415 16518
20211004 16588 16629 16313 16361
20211005 16240 16424 16107 16395
20211006 16470 16493 16265 16362
20211007 16521 16760 16519 16699
20211008 16740 16759 16591 16625
20211012 16485 16489 16285 16419
20211013 16520 16585 16318 16321
20211014 16496 16546 16354 16402
20211015 16654 16790 16570 16780
20211018 16800 16870 16705 16721
20211019 16810 16954 16787 16903
20211020 16973 16987 16863 16882
20211021 16879 17047 16812 16815
20211022 16877 16913 16770 16853
20211025 16788 16930 16731 16891
20211026 16975 17073 16948 17044
20211027 16944 17088 16928 17068
20211028 17013 17103 16984 17039
20211029 17061 17074 16858 16946
20211101 17040 17130 17028 17080
20211102 17167 17255 17004 17047
20211103 17081 17127 17040 17091
20211104 17269 17280 17050 17073
20211105 17150 17279 17106 17269
20211108 17256 17425 17251 17423
20211109 17499 17593 17480 17551
20211110 17550 17581 17496 17554
20211111 17430 17537 17395 17473
20211112 17570 17638 17491 17544
20211115 17615 17707 17603 17664
20211116 17662 17717 17653 17698
20211117 17711 17761 17678 17723
20211118 17769 17868 17763 17859
20211119 17919 17949 17813 17852
20211122 17790 17876 17787 17836
20211123 17765 17768 17638 17659
20211124 17604 17698 17593 17680
20211125 17688 17715 17600 17673
20211126 17530 17572 17307 17342
20211129 17243 17416 17184 17311
20211130 17428 17537 17312 17330
20211201 17350 17617 17333 17584
20211202 17570 17709 17509 17704
20211203 17696 17745 17621 17706
20211206 17619 17736 17527 17692
20211207 17677 17799 17586 17795
20211208 17945 17988 17840 17853
20211209 17886 17946 17812 17910
20211210 17808 17874 17765 17818
20211213 17912 17944 17743 17753
20211214 17683 17711 17565 17602
20211215 17588 17666 17536 17630
20211216 17765 17809 17671 17804
20211217 17716 17798 17703 17785
20211220 17720 17748 17564 17582
20211221 17660 17829 17624 17796
20211222 17847 17852 17783 17832
20211223 17935 17983 17903 17951
20211224 18014 18035 17946 17957
20211227 17982 18099 17967 18070
20211228 18115 18209 18105 18206
20211229 18195 18289 18188 18274
20211230 18242 18265 18177 18209
20220103 18288 18389 18203 18272
20220104 18361 18522 18359 18514
20220105 18480 18546 18438 18480
20220106 18345 18419 18238 18337
20220107 18459 18478 18115 18146
20220110 18075 18264 18022 18260
20220111 18200 18295 18102 18279
20220112 18403 18411 18271 18376
20220113 18433 18485 18364 18425
20220114 18549 18560 18220 18360
20220117 18417 18537 18387 18508
20220118 18531 18583 18347 18350
20220119 18261 18345 18210 18218
20220120 18203 18270 18081 18224
20220121 18026 18050 17836 17896
20220124 17736 17973 17703 17957
20220125 17790 17799 17578 17674
20220126 17683 17757 17607 17624
20220207 17797 17900 17693 17896
20220208 17960 18047 17922 17942
20220209 18068 18169 18050 18164
20220210 18230 18340 18133 18334
20220211 18202 18290 18182 18273
20220214 18099 18132 17934 17977
20220215 17922 18093 17883 17955
20220216 18184 18248 18140 18206
20220217 18269 18330 18168 18244
20220218 18065 18254 18039 18227
20220221 18001 18242 17970 18212
20220222 17990 18068 17773 17880
20220223 17954 18060 17936 18042
20220224 17811 17850 17506 17513
20220225 17660 17702 17513 17610
20220301 17756 17942 17692 17912
20220302 17788 17895 17758 17838
20220303 17942 17964 17865 17929
20220304 17608 17788 17522 17668
20220307 17362 17405 17051 17058
20220308 16840 17058 16695 16707
20220309 16890 17023 16865 16949
20220310 17301 17456 17269 17436
20220311 17372 17387 17170 17226
20220314 17289 17350 17150 17240
20220315 17177 17195 16861 16885
20220316 17080 17089 16801 16937
20220317 17339 17470 17262 17444
20220318 17441 17444 17295 17393
20220321 17442 17577 17439 17491
20220322 17536 17543 17453 17522
20220323 17644 17735 17610 17699
20220324 17570 17687 17548 17669
20220325 17720 17726 17591 17621
20220328 17512 17521 17304 17437
20220329 17560 17577 17484 17546
20220330 17671 17755 17658 17740
20220331 17747 17774 17623 17634
20220401 17466 17567 17414 17557
20220406 17439 17508 17327 17505
20220407 17333 17387 17123 17142
20220408 17200 17318 17169 17304
20220411 17222 17298 16976 17037
20220412 16960 17068 16906 17000
20220413 17080 17321 17071 17316
20220414 17349 17352 17251 17295
20220415 17102 17117 16960 16980
20220418 16908 16995 16813 16884
20220419 17065 17122 16988 17004
20220420 17071 17135 16992 17125
20220421 17180 17222 17090 17126
20220422 16862 16999 16823 16992
20220425 16686 16734 16508 16572
20220426 16648 16663 16533 16585
20220427 16221 16344 16160 16287
20220428 16317 16416 16220 16388
20220429 16555 16635 16495 16581
20220503 16487 16570 16434 16472
20220504 16505 16589 16489 16519
20220505 16753 16776 16645 16685
20220506 16310 16380 16266 16356
20220509 16156 16194 16015 16027
20220510 15809 16045 15730 16038
20220511 15989 16058 15907 16007
20220512 15801 15890 15608 15630
20220513 15777 15854 15743 15849
20220516 15996 16044 15847 15922
20220517 15978 16096 15963 16075
20220518 16180 16318 16159 16302
20220519 15871 15965 15820 15911
20220520 16069 16145 16013 16136
20220523 16220 16263 16076 16143
20220524 16131 16156 15914 15926
20220525 15996 16146 15968 16061
20220526 16153 16184 15928 15950
20220527 16110 16245 16100 16229
20220530 16400 16584 16391 16559
20220531 16492 16716 16460 16681
20220601 16647 16755 16592 16608
20220602 16536 16585 16471 16533
20220606 16590 16648 16463 16600
20220607 16520 16531 16406 16461
20220608 16560 16693 16555 16641
20220609 16573 16606 16524 16577
20220610 16380 16486 16350 16474
20220613 16115 16120 15993 16050
20220614 15950 16068 15841 16052
20220615 16052 16096 15989 16061
20220616 15751 15805 15382 15411
20220617 15196 15300 15137 15202
20220620 15182 15231 14966 15031
20220621 15164 15362 15115 15346
20220622 15316 15319 14984 15015
20220623 15059 15145 14804 14939
20220624 15006 15142 14959 15053
20220627 15205 15400 15201 15277
20220628 15299 15304 15096 15194
20220629 15020 15114 14980 15016
20220630 14931 14945 14610 14624
20220701 14656 14702 14128 14175
20220704 14236 14312 14025 14152
20220705 14350 14430 13975 14209
20220706 14213 14239 13858 13879
20220707 14068 14295 13832 14187
20220708 14390 14485 14264 14332
20220711 14467 14496 14229 14278
20220712 14157 14181 13850 13914
20220713 14240 14356 14203 14281
20220714 14237 14437 14122 14386
20220715 14422 14542 14333 14479
20220718 14577 14666 14535 14647
20220719 14562 14697 14533 14678
20220720 14845 14907 14696 14713
20220721 14600 14771 14573 14747
20220722 14796 14848 14725 14755
20220725 14750 14845 14688 14793
20220726 14755 14788 14650 14707
20220727 14670 14800 14615 14791
20220728 14922 14949 14786 14833
20220729 14936 14990 14870 14940
20220801 14921 14940 14804 14870
20220802 14767 14778 14589 14645
20220803 14627 14727 14594 14672
20220804 14686 14722 14461 14654
20220805 14780 15020 14777 15011
20220808 14937 14987 14888 14961
20220809 14894 15065 14853 15016
20220810 14874 14945 14832 14878
20220811 15115 15191 15093 15184
20220812 15229 15309 15200 15274
20220815 15369 15432 15310 15385
20220816 15390 15450 15385 15425
20220817 15404 15461 15396 15452
20220818 15250 15325 15224 15317
20220819 15308 15406 15275 15354
20220822 15171 15250 15156 15179
20220823 15059 15109 15022 15028
20220824 15080 15120 14987 15035
20220825 15130 15225 15116 15170
20220826 15271 15318 15228 15241
20220829 14832 14898 14762 14820
20220830 14850 14994 14837 14949
20220831 14849 15099 14826 15042
20220901 14841 14842 14675 14737
20220902 14776 14782 14584 14598
20220905 14590 14719 14561 14613
20220906 14720 14770 14555 14635
20220907 14445 14455 14331 14357
20220908 14459 14552 14389 14545
20220912 14775 14824 14731 14797
20220913 14884 14928 14827 14875
20220914 14458 14641 14443 14578
20220915 14578 14715 14562 14642
20220916 14500 14527 14465 14485
20220919 14550 14579 14406 14420
20220920 14548 14569 14464 14558
20220921 14476 14520 14392 14402
20220922 14225 14250 14088 14239
20220923 14212 14229 14056 14118
20220926 13916 13953 13740 13762
20220927 13843 13861 13735 13815
20220928 13796 13849 13486 13515
20220929 13658 13672 13471 13523
20220930 13356 13458 13298 13394
20221003 13248 13444 13215 13303
20221004 13530 13615 13489 13593
20221005 13740 13884 13721 13814
20221006 13932 13957 13814 13871
20221007 13781 13818 13683 13688
20221011 13251 13297 13081 13090
20221012 13049 13140 12975 13072
20221013 13032 13085 12805 12869
20221014 13150 13249 13074 13168
20221017 12964 13009 12821 12978
20221018 13158 13182 12992 13100
20221019 13125 13168 12967 12999
20221020 12815 12916 12662 12898
20221021 12922 12948 12794 12805
20221024 13100 13126 12864 12884
20221025 12895 12946 12652 12685
20221026 12722 12833 12664 12741
20221027 12883 12984 12878 12956
20221028 12855 12915 12745 12767
20221031 12880 12997 12836 12943
20221101 12960 13095 12934 13033
20221102 13033 13103 13015 13084
20221103 12883 12983 12854 12957
20221104 12880 13039 12850 13029
20221107 13156 13265 13096 13225
20221108 13312 13390 13298 13333
20221109 13467 13613 13438 13593
20221110 13543 13565 13461 13486
20221111 13965 14062 13896 14054
20221114 14159 14195 14080 14125
20221115 14237 14575 14212 14524
20221116 14620 14652 14451 14499
20221117 14471 14545 14357 14511
20221118 14551 14681 14437 14465
20221121 14492 14517 14411 14431
20221122 14457 14529 14364 14504
20221123 14615 14642 14543 14599
20221124 14690 14789 14656 14774
20221125 14769 14798 14703 14710
20221128 14550 14588 14433 14474
20221129 14470 14678 14431 14660
20221130 14640 14838 14619 14802
20221201 15030 15119 14927 14980
20221202 14860 14959 14842 14884
20221205 14898 15046 14880 14930
20221206 14874 14894 14672 14679
20221207 14603 14780 14594 14625
20221208 14567 14570 14413 14495
20221209 14636 14722 14572 14709
20221212 14649 14650 14485 14583
20221213 14660 14687 14496 14518
20221214 14609 14732 14576 14710
20221215 14658 14750 14607 14713
20221216 14440 14550 14411 14463
20221219 14405 14485 14362 14407
20221220 14366 14442 14121 14153
20221221 14210 14278 14175 14219
20221222 14311 14396 14285 14374
20221223 14168 14237 14125 14189
20221226 14196 14254 14192 14243
20221227 14295 14392 14278 14305
20221228 14190 14195 14070 14112
20221229 13960 14072 13938 14034
20221230 14193 14213 14127 14135
20230103 14050 14247 13952 14230
20230104 14205 14271 14181 14209
20230105 14324 14375 14239 14289
20230106 14278 14403 14275 14366
20230109 14618 14770 14582 14765
20230110 14745 14829 14735 14810
20230111 14855 14884 14746 14791
20230112 14825 14840 14709 14766
20230113 15000 15016 14822 14834
20230116 14935 15004 14916 14938
20230117 14923 14969 14906 14925
20230130 15558 15559 15364 15450
20230131 15449 15456 15265 15268
20230201 15350 15402 15297 15382
20230202 15549 15600 15468 15580
20230203 15581 15629 15488 15581
20230206 15504 15505 15391 15407
20230207 15383 15447 15366 15397
20230208 15475 15624 15474 15604
20230209 15549 15608 15530 15600
20230210 15596 15598 15520 15577
20230213 15510 15547 15431 15532
20230214 15633 15682 15588 15658
20230215 15502 15550 15382 15398
20230216 15458 15599 15451 15543
20230217 15428 15475 15384 15436
20230220 15386 15555 15367 15524
20230221 15486 15547 15471 15528
20230222 15353 15415 15306 15375
20230223 15435 15656 15433 15600
20230224 15642 15684 15526 15541
20230301 15381 15555 15333 15546
20230302 15596 15618 15435 15542
20230303 15612 15670 15568 15615
20230306 15730 15834 15692 15772
20230307 15786 15894 15750 15873
20230308 15725 15809 15721 15785
20230309 15855 15862 15751 15766
20230310 15618 15624 15452 15481
20230313 15450 15540 15345 15519
20230314 15358 15428 15310 15354
20230315 15472 15532 15404 15405
20230316 15194 15305 15150 15226
20230317 15310 15418 15298 15405
20230320 15454 15477 15352 15370
20230321 15464 15517 15425 15455
20230322 15589 15725 15568 15715
20230323 15695 15866 15683 15836
20230324 15878 15923 15806 15917
20230327 15855 15893 15793 15829
20230328 15814 15829 15655 15689
20230329 15730 15787 15653 15738
20230330 15822 15862 15761 15819
20230331 15879 15965 15860 15864
20230406 15780 15793 15701 15762
20230407 15850 15870 15796 15818
20230410 15839 15927 15828 15851
20230411 15834 15963 15825 15924
20230412 15957 15960 15866 15925
20230413 15865 15903 15808 15816
20230414 15882 15995 15855 15948
20230417 15920 15974 15877 15970
20230418 15931 15963 15862 15891
20230419 15893 15923 15750 15775
20230420 15730 15798 15682 15731
20230421 15757 15778 15602 15614
20230424 15545 15655 15542 15620
20230425 15641 15662 15369 15389
20230426 15390 15409 15312 15376
20230427 15342 15461 15305 15426
20230428 15515 15596 15498 15572
20230502 15628 15672 15551 15635
20230503 15559 15595 15523 15549
20230504 15496 15619 15490 15607
20230505 15598 15696 15576 15642
20230508 15758 15776 15704 15723
20230509 15706 15744 15652 15736
20230510 15692 15702 15581 15610
20230511 15660 15683 15517 15519
20230512 15450 15559 15420 15506
20230515 15439 15522 15425 15510
20230516 15604 15723 15593 15690
20230517 15720 15973 15713 15953
20230518 16026 16085 15960 16069
20230519 16153 16161 16068 16127
20230522 16133 16158 16091 16115
20230523 16149 16195 16072 16135
20230524 16055 16091 16005 16069
20230525 16132 16232 16125 16205
20230526 16362 16456 16346 16438
20230529 16607 16633 16543 16578
20230530 16550 16607 16515 16573
20230531 16576 16598 16455 16488
20230601 16440 16518 16422 16469
20230602 16577 16738 16566 16711
20230605 16750 16764 16657 16683
20230606 16687 16784 16680 16746
20230607 16785 16906 16766 16890
20230608 16852 16867 16667 16717
20230609 16802 16888 16785 16886
20230612 16954 16984 16907 16942
20230613 17088 17274 17081 17218
20230614 17199 17230 17133 17199
20230615 17250 17348 17230 17336
20230616 17292 17322 17215 17269
20230619 17194 17286 17160 17253
20230620 17210 17238 17106 17189
20230621 17157 17244 17140 17230
20230626 16851 16915 16822 16880
20230627 16805 16855 16705 16742
20230628 16795 16810 16712 16775
20230629 16851 16965 16733 16762
20230630 16718 16826 16671 16787
20230703 16901 17038 16897 17035
20230704 17025 17116 16983 17103
20230705 17086 17098 16975 17005
20230706 16869 16898 16673 16689
20230707 16566 16708 16536 16624
20230710 16675 16737 16545 16553
20230711 16750 16877 16737 16866
20230712 16880 16929 16824 16922
20230713 17137 17255 17056 17086
20230714 17219 17305 17143 17291
20230717 17234 17345 17229 17287
20230718 17338 17386 17152 17220
20230719 17287 17325 17092 17103
20230720 17020 17150 17018 17126
20230721 16860 16984 16816 16947
20230724 16947 17024 16866 16979
20230725 17091 17225 17054 17182
20230726 17206 17208 17078 17100
20230727 17183 17263 17168 17223
20230728 17155 17299 17135 17262
20230731 17400 17425 17058 17103
20230801 17160 17218 17090 17178
20230802 17093 17162 16806 16820
20230804 16720 16863 16715 16823
20230807 16859 17027 16836 17000
20230808 17020 17026 16757 16852
20230809 16815 16935 16780 16853
20230810 16788 16797 16584 16656
20230811 16711 16754 16574 16625
20230814 16567 16570 16306 16377
20230815 16471 16540 16422 16423
20230816 16300 16413 16290 16364
20230817 16261 16493 16205 16456
20230818 16422 16541 16320 16353
20230821 16424 16474 16325 16348
20230822 16495 16507 16380 16400
20230823 16419 16561 16405 16558
20230824 16788 16798 16670 16756
20230825 16549 16586 16415 16426
20230828 16468 16548 16461 16492
20230829 16578 16632 16453 16624
20230830 16738 16778 16695 16723
20230831 16730 16731 16602 16620
20230901 16608 16727 16600 16651
20230904 16646 16782 16607 16778
20230905 16736 16765 16707 16752
20230906 16758 16801 16702 16713
20230907 16604 16660 16560 16563
20230908 16490 16579 16467 16562
20230911 16560 16577 16366 16425
20230912 16459 16591 16413 16570
20230913 16570 16645 16523 16579
20230914 16676 16842 16675 16836
20230915 16848 16918 16808 16904
20230918 16757 16796 16700 16712
20230919 16700 16741 16603 16606
20230920 16611 16648 16531 16537
20230921 16479 16483 16280 16311
20230922 16200 16355 16188 16344
20230925 16352 16491 16340 16465
20230926 16400 16408 16273 16305
20230927 16246 16334 16230 16311
20230928 16342 16435 16295 16367
20231002 16531 16610 16504 16556
20231003 16497 16553 16408 16411
20231004 16285 16286 16164 16245
20231005 16300 16486 16288 16457
20231006 16476 16552 16473 16528
20231011 16829 16829 16662 16714
20231012 16768 16857 16725 16848
20231013 16750 16807 16730 16771
20231016 16661 16683 16603 16649
20231017 16764 16782 16634 16650
20231018 16616 16633 16411 16426
20231019 16365 16487 16357 16461
20231020 16440 16465 16255 16414
20231023 16350 16366 16250 16256
20231024 16274 16343 16148 16333
20231025 16370 16480 16350 16358
20231026 16144 16176 16039 16066
20231027 16137 16217 16120 16152
20231030 16118 16238 16111 16160
20231031 16180 16197 15973 15997
20231101 16099 16120 15978 16050
20231102 16256 16399 16250 16389
20231103 16488 16537 16441 16514
20231106 16680 16750 16626 16673
20231107 16632 16712 16613 16708
20231108 16725 16797 16687 16752
20231109 16711 16788 16692 16763
20231110 16664 16738 16627 16732
20231113 16969 16985 16836 16874
20231114 16956 16976 16912 16948
20231115 17170 17192 17055 17123
20231116 17196 17218 17109 17186
20231117 17152 17252 17151 17219
20231120 17227 17288 17154 17201
20231121 17281 17425 17280 17411
20231122 17298 17334 17256 17289
20231123 17275 17323 17214 17304
20231124 17330 17350 17265 17293
20231127 17257 17361 17145 17172
20231128 17215 17402 17195 17360
20231129 17339 17450 17314 17339
20231130 17400 17416 17291 17393
20231201 17333 17434 17254 17424
20231204 17465 17491 17376 17418
20231205 17285 17330 17231 17309
20231206 17367 17453 17346 17377
20231207 17321 17371 17261 17271
20231208 17409 17470 17363 17375
20231211 17436 17457 17350 17418
20231212 17518 17545 17427 17462
20231213 17491 17519 17426 17457
20231214 17608 17691 17595 17663
20231215 17771 17775 17672 17673
20231218 17672 17673 17583 17656
20231219 17596 17621 17505 17577
20231220 17605 17655 17596 17636
20231221 17442 17544 17414 17529
20231222 17563 17597 17542 17560
20231225 17644 17666 17607 17622
20231226 17651 17740 17634 17734
20231227 17755 17874 17737 17859
20231228 17850 17887 17821 17866
20231229 17853 17900 17828 17870
20240102 17838 17920 17751 17800
20240103 17658 17667 17507 17545
20240104 17525 17583 17525 17550
20240105 17577 17626 17491 17518
20240108 17572 17706 17568 17595
20240109 17770 17782 17526 17547
20240110 17509 17521 17439 17460
20240111 17490 17606 17481 17570
20240112 17466 17570 17447 17487
20240115 17580 17655 17527 17554
20240116 17480 17499 17321 17333
20240117 17313 17344 17159 17168
20240118 17240 17326 17215 17282
20240119 17541 17684 17504 17674
20240122 17816 17843 17747 17815
20240123 17799 17877 17790 17868
20240124 17903 17941 17876 17896
20240125 18016 18030 17935 17997
20240126 17951 18023 17936 17999
20240129 18011 18135 17970 18123
20240130 18129 18139 18064 18081
20240131 17990 18003 17904 17921
20240201 17956 17994 17882 17985
20240202 18100 18105 18023 18084
20240205 18008 18102 17958 18085
20240215 18590 18696 18531 18666
20240216 18683 18726 18633 18639
20240219 18680 18692 18619 18669
20240220 18634 18754 18596 18751
20240221 18738 18750 18659 18671
20240222 18887 18890 18751 18886
20240223 18990 19000 18898 18912
20240226 18907 18996 18853 18964
20240227 18950 19020 18750 18870
20240229 18808 18997 18805 18961
20240301 18968 19017 18924 18961
20240304 19144 19340 19137 19311
20240305 19362 19436 19305 19390
20240306 19282 19523 19271 19507
20240307 19688 19770 19584 19702
20240308 19930 20009 19638 19794
20240311 19691 19825 19679 19716
20240312 19714 19956 19698 19954
20240313 19994 20064 19886 19928
20240314 19897 19978 19799 19940
20240315 19828 19873 19723 19728
20240318 19778 19920 19747 19914
20240319 19816 19911 19739 19867
20240320 19860 19956 19731 19748
20240321 20048 20264 20029 20260
20240322 20226 20285 20122 20240
20240325 20256 20307 20188 20229
20240326 20280 20459 20038 20185
20240327 20185 20288 20148 20258
20240328 20238 20250 20081 20202
20240329 20226 20299 20192 20278
20240401 20393 20400 20259 20293
20240402 20350 20524 20350 20521
20240403 20370 20419 20275 20351
20240408 20404 20520 20375 20447
20240409 20538 20877 20518 20869
20240410 20822 20892 20804 20848
20240411 20706 20764 20651 20752
20240412 20745 20809 20682 20753
20240415 20544 20605 20460 20506
20240416 20278 20286 19798 19947
20240417 19942 20289 19927 20238
20240418 20070 20359 20025 20353
20240419 19840 19924 19265 19559
20240422 19620 19715 19445 19528
20240423 19651 19745 19554 19680
20240424 19930 20202 19916 20170
20240425 19940 19979 19834 19880
20240426 20126 20271 20070 20176
20240429 20350 20560 20310 20550
20240430 20518 20576 20404 20413
20240502 20250 20380 20215 20292
20240503 20548 20597 20306 20382
20240506 20685 20714 20562 20601
20240507 20733 20756 20536 20648
20240508 20618 20738 20574 20724
20240509 20707 20763 20605 20612
20240510 20738 20828 20616 20812
20240513 20942 20965 20833 20881
20240514 20892 21015 20868 21006
20240515 21184 21361 21116 21143
20240516 21465 21556 21326 21372
20240517 21303 21407 21288 21335
20240520 21435 21485 21153 21299
20240521 21324 21350 21165 21282
20240522 21293 21613 21283 21581
20240523 21630 21661 21492 21605
20240524 21448 21617 21414 21568
20240527 21670 21917 21655 21870
20240528 21892 21994 21845 21951
20240529 21865 21907 21720 21730
20240530 21512 21553 21368 21395
20240531 21505 21583 21253 21288
20240603 21469 21698 21424 21655
20240604 21560 21574 21284 21327
20240605 21350 21493 21226 21460
20240606 21825 21962 21791 21873
20240607 21839 21908 21781 21894
20240611 21920 21970 21783 21801
20240612 21829 22063 21790 22046
20240613 22308 22473 22207 22325
20240614 22274 22514 22270 22510
20240617 22430 22554 22420 22477
20240618 22726 22812 22666 22786
20240619 22956 23291 22940 23226
20240620 23153 23380 23106 23377
20240621 23034 23291 23025 23207
20240624 23050 23073 22708 22754
20240625 22608 22776 22410 22747
20240626 22806 23005 22744 22876
20240627 22614 22822 22555 22797
20240628 22908 23117 22793 22980
20240701 22960 23166 22938 22993
20240702 22838 22993 22717 22835
20240703 23073 23188 22981 23183
20240704 23487 23626 23461 23621
20240705 23659 23677 23526 23571
20240708 23545 23994 23512 23909
20240709 23945 24092 23624 23881
20240710 23759 24014 23702 24002
20240711 24251 24405 24160 24371
20240712 24038 24070 23784 23814
20240715 24091 24112 23756 23851
20240716 23830 24182 23824 23994
20240717 23980 24000 23647 23680
20240718 23294 23444 23154 23387
20240719 23148 23185 22853 22907
20240722 22859 22906 22184 22374
20240723 22600 22871 22571 22835
20240726 22028 22156 21918 22096
20240729 22430 22519 22146 22256
20240730 21933 22299 21809 22252
20240731 22050 22348 22013 22284
20240801 22721 22728 22460 22660
20240802 22000 22099 21508 21526
20240805 20712 20742 19374 19374
20240806 20395 20790 19589 20455
20240807 20500 21335 20494 21142
20240808 20680 21082 20545 20698
20240809 21305 21593 21032 21483
20240812 21650 21895 21600 21676
20240813 21848 21898 21662 21771
20240814 22104 22158 21908 21996
20240815 21993 22114 21836 21840
20240816 22324 22447 22277 22365
20240819 22400 22521 22320 22361
20240820 22555 22574 22389 22435
20240821 22311 22344 22151 22200
20240822 22229 22277 22026 22100
20240823 21942 22170 21865 22123
20240826 22230 22450 22131 22210
20240827 22112 22210 21998 22152
20240828 22181 22414 22048 22405
20240829 21938 22245 21900 22167
20240830 22320 22366 22213 22318
20240902 22318 22448 22172 22212
20240903 22205 22314 22000 22051
20240904 21246 21347 20828 20940
20240905 21310 21454 21056 21183
20240906 21211 21435 21013 21316
20240909 20734 21125 20616 21083
20240910 21233 21281 20905 21005
20240911 21100 21130 20950 21006
20240912 21597 21780 21461 21703
20240913 21800 21833 21657 21815
20240916 21807 21871 21735 21815
20240918 21730 21872 21560 21619
20240919 21763 22082 21661 22075
20240920 22345 22425 22186 22216
20240923 22291 22392 22258 22338
20240924 22298 22508 22152 22493
20240925 22835 22860 22739 22792
20240926 23034 23078 22892 22957
20240927 23190 23195 22878 22892
20240930 22699 22755 22316 22326
20241001 22246 22463 22228 22391
20241004 22331 22507 22250 22288
20241007 22570 22808 22539 22767
20241008 22606 22634 22392 22578
20241009 22770 22888 22666 22699
20241011 22829 23047 22794 22911
20241014 22987 23049 22818 23005
20241015 23168 23386 23101 23228
20241016 22897 23203 22855 22986
20241017 23142 23277 23005 23256
20241018 23820 23840 23527 23657
20241021 23810 23836 23566 23574
20241022 23560 23637 23332 23621
20241023 23498 23511 23336 23409
20241024 23383 23449 23203 23290
20241025 23270 23487 23252 23476
20241028 23650 23657 23216 23322
20241029 23137 23148 22693 22979
20241030 23072 23145 22845 22901
20241101 22397 22822 22232 22767
20241104 22767 23046 22700 23036
20241105 22808 23239 22782 23137
20241106 23250 23448 23051 23319
20241107 23183 23576 23085 23525
20241108 23772 23794 23528 23774
20241111 23555 23632 23309 23572
20241112 23013 23242 22863 22875
20241113 22755 23015 22730 22786
20241114 22786 22880 22576 22692
20241115 22710 22930 22684 22762
20241118 22654 22789 22544 22573
20241119 22641 22995 22592 22848
20241120 22906 22956 22668 22686
20241121 22647 22733 22514 22575
20241122 22811 23066 22780 23032
20241125 23254 23287 23014 23062
20241126 22710 22845 22615 22634
20241127 22600 22690 22341 22352
20241128 22302 22385 22117 22330
20241129 22210 22438 22004 22307
20241202 22530 22828 22498 22822
20241203 23152 23191 22999 23111
20241204 23200 23296 23071 23286
20241205 23260 23328 23211 23252
20241206 23321 23360 23134 23180
20241209 23193 23287 23170 23250
20241210 23228 23337 23026 23078
20241211 22887 23055 22824 22847
20241212 23004 23211 23003 23107
20241213 22996 23092 22888 22984
20241216 23220 23270 22946 22966
20241217 23105 23215 23024 23030
20241218 22937 23200 22902 23105
20241219 22747 22906 22718 22852
20241220 22767 22793 22590 22631
20241223 22904 23245 22899 23233
20241224 23430 23459 23187 23201
20241225 23340 23349 23240 23326
20241226 23358 23380 23285 23326
20241227 23194 23378 23148 23372
20241230 23202 23324 23154 23171
20241231 22998 23110 22955 23044
20250102 22935 22995 22689 22843
20250103 22935 23108 22905 22977
20250106 23222 23620 23218 23606
20250107 23965 23990 23723 23742
20250108 23549 23649 23439 23449
20250109 23258 23410 23083 23099
20250110 23083 23141 22955 23058
20250113 22960 23008 22431 22540
20250114 22594 22767 22530 22754
20250115 22728 22749 22493 22519
20250116 23080 23217 22990 23035
20250117 23277 23318 22956 23188
20250120 23249 23417 23222 23343
20250121 23426 23432 23203 23361
20250122 23600 23719 23573 23689
20250203 22680 22817 22539 22596
20250204 22919 22945 22708 22825
20250205 23077 23284 23063 23137
20250206 23355 23379 23234 23295
20250207 23285 23465 23278 23428
20250210 23324 23366 23167 23236
20250211 23391 23503 23302 23334
20250212 23429 23536 23292 23311
20250213 23435 23460 23250 23401
20250214 23338 23349 23116 23180
20250217 23286 23540 23283 23506
20250218 23570 23663 23466 23645
20250219 23568 23697 23560 23607
20250220 23505 23564 23371 23536
20250221 23533 23761 23474 23743
20250224 23549 23564 23444 23556
20250225 23231 23345 23138 23295
20250226 23150 23421 23104 23417
20250227 23374 23434 23127 23189
20250303 22650 22797 22611 22724
20250304 22242 22668 22194 22588
20250305 22659 22927 22637 22892
20250306 22991 23017 22704 22762
20250307 22499 22685 22480 22523
20250310 22456 22547 22315 22446
20250311 21868 22085 21661 22027
20250312 22101 22345 22044 22234
20250313 22445 22475 21917 21923
20250314 22120 22131 21874 21962
20250317 22161 22312 22111 22155
20250318 22373 22385 22191 22227
20250319 22238 22247 21935 21964
20250320 22236 22417 22202 22365
20250321 22323 22377 22173 22181
20250324 22302 22399 22124 22151
20250325 22330 22443 22202 22301
20250326 22409 22429 22250 22304
20250327 22031 22052 21891 21971
20250328 21750 21795 21485 21599
20250331 20856 21065 20724 20764
20250401 21000 21271 20888 21187
20250402 21273 21360 21188 21296
20250407 19167 19167 19167 19167
20250408 18596 18754 18004 18169
20250409 17846 18286 17139 17184
20250410 18902 18902 18902 18902
20250411 18560 19566 18441 19543
20250414 19800 19982 19450 19497
20250415 19585 19833 19517 19794
20250416 19601 19672 19426 19548
20250417 19243 19406 19112 19367
20250418 19380 19432 19288 19334
20250421 19347 19368 19027 19099
20250422 18945 19035 18773 18803
20250423 19250 19596 19171 19558
20250424 19636 19682 19413 19460
20250425 19980 20008 19848 19873
20250428 19965 20053 19933 19965
20250429 19980 20207 19963 20155
20250430 20091 20268 20065 20154
20250502 20488 20710 20469 20682
20250505 20757 20796 20206 20423
20250506 20150 20483 20150 20345
20250507 20440 20560 20265 20377
20250508 20475 20695 20452 20578
20250509 20649 20872 20596 20845
20250512 21015 21134 20978 21073
20250513 21421 21520 21288 21355
20250514 21677 21787 21579 21772
20250515 21776 21810 21676 21695
20250516 21775 21878 21679 21823
20250519 21682 21748 21499 21538
20250520 21753 21772 21505 21543
20250521 21564 21852 21549 21849
20250522 21465 21550 21396 21499
20250523 21558 21640 21372 21466
20250526 21450 21569 21357 21381
20250527 21403 21438 21133 21221
20250528 21420 21512 21150 21250
20250529 21513 21616 21275 21317
20250602 20976 21049 20790 20870
20250603 21034 21221 20955 20974
20250604 21280 21533 21261 21479
20250605 21589 21677 21512 21554
20250606 21599 21630 21513 21566
20250609 21663 21788 21626 21719
20250610 21879 22236 21850 22116
20250611 22296 22355 22190 22344
20250612 22315 22329 22214 22253
20250613 21954 22139 21893 21940
20250616 22030 22061 21868 22032
20250617 22150 22260 22061 22163
20250618 22109 22384 22080 22308
20250619 21820 21857 21675 21703
20250620 21635 21743 21470 21650
20250623 21350 21484 21205 21472
20250624 21770 21966 21764 21959
20250625 22138 22168 22017 22163
20250626 22161 22263 22078 22115
20250627 22197 22221 21989 22122
20250630 22239 22254 22083 22144
20250701 22197 22593 22191 22352
20250702 22298 22401 22208 22393
20250703 22568 22716 22547 22680
20250704 22739 22762 22431 22436
20250707 22349 22506 22244 22328
20250708 22353 22397 22141 22258
20250709 22250 22473 22146 22434
20250710 22470 22647 22410 22607
20250711 22519 22774 22488 22767
20250714 22670 22695 22520 22547
20250715 22529 22882 22512 22804
20250716 22849 23116 22845 23047
20250717 22958 23150 22866 23137
20250718 23350 23399 23230 23260
20250721 23234 23301 23172 23220
20250722 23241 23406 22977 22996
20250723 23006 23258 23000 23184
20250724 23400 23408 23229 23303
20250725 23264 23328 23207 23237
20250728 23368 23483 23265 23385
20250729 23326 23359 23027 23151
20250730 23213 23421 23198 23359
20250731 23497 23621 23355 23584
20250801 23064 23442 23048 23345
20250804 23108 23300 23032 23272
20250805 23446 23584 23421 23577
20250806 23423 23483 23381 23417
20250807 23660 24054 23653 23997
20250808 24091 24095 23947 23953
20250811 23973 24223 23833 24148
20250812 24155 24241 24088 24142
20250813 24298 24412 24154 24343
20250814 24337 24362 24207 24252
20250815 24282 24385 24188 24297
20250818 24199 24462 24176 24424
20250819 24380 24447 24313 24346
20250820 24156 24201 23631 23637
20250821 23729 23943 23691 23852
20250822 23877 23982 23732 23750
20250825 24120 24314 24070 24255
20250826 24143 24281 24090 24255
20250827 24350 24496 24331 24464
20250828 24358 24420 24203 24224
20250829 24401 24453 24246 24268
20250901 24120 24245 23847 24007
20250902 24083 24249 23879 23972
20250903 23966 24083 23888 23997
20250904 24195 24365 24113 24130
20250905 24363 24429 24286 24424
20250908 24588 24674 24518 24556
20250909 24725 24838 24660 24803
20250910 24970 25244 24961 25176
20250911 25386 25464 25176 25233
20250912 25418 25466 25350 25458
20250915 25404 25450 25269 25347
20250916 25420 25663 25410 25625
20250917 25556 25583 25402 25433
20250918 25623 25747 25490 25712
20250919 25850 25853 25636 25670
20250922 25756 25941 25689 25893
20250923 26058 26328 26023 26263
20250924 26376 26393 26072 26234
20250925 26191 26283 26087 26095
20250926 25944 25991 25500 25660
20250930 25800 26046 25797 25953
20251001 26094 26375 26000 26043
20251002 26459 26527 26381 26424
20251003 26480 26764 26388 26736
20251007 27202 27356 26995 27317
20251008 27061 27127 26912 27093
20251009 27440 27455 27273 27338
20251013 26450 26945 26390 26915
20251014 27269 27450 26716 26725
20251015 26850 27191 26775 27156
20251016 27545 27877 27450 27818
20251017 27251 27545 27244 27328
20251020 27444 27824 27432 27780
20251021 27900 28036 27798 27831
20251022 27690 27797 27526 27708
20251023 27385 27629 27313 27556
20251027 28284 28291 28079 28219
20251028 28233 28250 27984 28005
20251029 28225 28446 28203 28414
20251030 28430 28552 28181 28399
20251031 28478 28588 28378 28430
20251103 28380 28583 28229 28341
20251104 28410 28594 28113 28119
20251105 27710 27850 27415 27808
20251106 28010 28141 27903 28034
20251107 27777 27838 27596 27721
20251110 27777 28039 27718 28016
20251111 28149 28180 27762 27780
20251112 27889 28078 27858 28059
20251113 28038 28044 27802 27978
20251114 27510 27596 27366 27404
20251117 27570 27690 27465 27481
20251118 27142 27298 26772 26814
20251119 26807 26915 26537 26615
20251120 27308 27492 27201 27484
20251121 26750 26770 26397 26476
20251124 26705 26730 26536 26614
20251125 27055 27105 26773 26933
20251126 27188 27384 27133 27339
20251127 27518 27649 27461 27579
20251128 27590 27854 27558 27737
20251201 27650 27674 27401 27406
20251202 27674 27789 27528 27559
20251203 27808 27888 27690 27760
20251204 27841 27880 27670 27798
20251205 27792 28019 27763 28010
20251208 28054 28298 28019 28284
20251209 28350 28360 28204 28217
20251210 28279 28434 28252 28400
20251211 28600 28602 28059 28101
20251212 28266 28342 28157 28290
20251215 27834 27984 27755 27910
20251216 27630 27689 27411 27635
20251217 27625 27773 27474 27483
20251218 27500 27679 27457 27598
20251219 27800 27983 27795 27897
20251222 28256 28368 28170 28341
20251223 28392 28455 28359 28415
20251224 28565 28577 28400 28467
20251226 28595 28714 28536 28677
20251229 28749 28998 28713 28940
20251230 28777 28942 28705 28875
20251231 28842 29053 28782 29014
20260102 29047 29500 29026 29479
20260105 29888 30487 29850 30309
20260106 30271 30672 30183 30627
20260107 30609 30676 30448 30516
20260108 30362 30663 30353 30458
20260109 30450 30578 30005 30453
20260112 30717 30763 30555 30700
20260113 31067 31252 30626 30870
20260114 31000 31162 30937 30980
20260115 30831 31057 30744 31050
20260116 31382 31536 31157 31476
20260119 31272 31774 31208 31672
20260120 31481 31742 31328 31668
20260121 31296 31650 31200 31245
20260122 31876 32057 31783 31863
20260123 31995 32166 31873 32159
20260126 32128 32231 32086 32150
20260127 32313 32532 32206 32505
20260128 32758 32938 32668 32925
20260129 33014 33014 32587 32774
20260130 32456 32526 32092 32252
20260202 31888 31964 31392 31616
20260203 32386 32446 32004 32284
20260204 32110 32475 32034 32416
20260205 31970 32166 31798 31902
20260206 31458 31883 31220 31789
20260209 32824 32836 32515 32650
20260210 32906 33309 32879 33303
20260211 33349 33843 33272 33686
20260223 34269 34369 33836 33840
20260224 34125 34956 34100 34837
20260225 35243 35777 35065 35489
20260226 35522 35755 35348 35611
20260302 34744 35495 34722 35238
20260303 35018 35320 34314 34331
20260304 33461 33666 32679 32871
20260305 33911 34294 33392 33666
20260306 33360 33888 33296 33703
20260309 31730 32111 31124 31902
20260310 33242 33329 32374 32717
20260311 33341 34185 33277 34004
20260312 33678 33939 33326 33512
20260313 32664 33518 32663 33304
20260316 33460 33723 33077 33264
20260317 33616 34017 33593 33801
20260318 34266 34440 34100 34263
20260319 33898 34083 33537 33559
20260320 33809 33888 33371 33559
20260323 32501 32890 32213 32559
20260324 33280 33393 32342 32781
20260325 33786 33880 33444 33623
20260326 33855 34024 33347 33441
20260327 32793 33243 32652 33126
20260330 32048 32712 32027 32480
20260331 32000 32451 31806 31954
20260401 33049 33411 32906 33389
20260402 33676 33687 32486 32505
20260407 33192 33377 32955 33177
20260408 34651 35060 34473 35016
20260409 35032 35100 34745 34924
20260410 35249 35580 35215 35569
20260413 35280 35652 35225 35460
20260414 36060 36430 35990 36377
20260415 36725 37073 36618 36643
20260416 37321 37666 37086 37649
